# Migration is number of nodes that have changed color.

Round		Edge-Cut		Swaps		Migrations		Skipped
0		5245		2395		1860
1		5646		4790		1713
2		5520		7185		1732
3		5495		9580		1747
4		5512		11975		1805
5		5527		14370		1795
6		5473		16765		1771
7		5422		19160		1799
8		5436		21555		1772
9		5419		23950		1785
10		5414		26345		1787
11		5405		28740		1783
12		5475		31135		1803
13		5420		33530		1774
14		5451		35925		1770
15		5425		38320		1788
16		5434		40715		1747
17		5423		43110		1801
18		5467		45505		1749
19		5445		47900		1777
20		5461		50295		1745
21		5344		52690		1775
22		5424		55085		1813
23		5344		57480		1764
24		5362		59875		1772
25		5367		62270		1795
26		5379		64665		1809
27		5343		67060		1780
28		5356		69455		1760
29		5349		71850		1741
30		5289		74245		1768
31		5327		76640		1775
32		5216		79035		1780
33		5235		81430		1760
34		5232		83825		1813
35		5231		86220		1760
36		5199		88615		1791
37		5292		91010		1753
38		5235		93405		1794
39		5215		95800		1758
40		5318		98195		1803
41		5317		100590		1787
42		5332		102985		1766
43		5230		105380		1741
44		5273		107775		1769
45		5246		110170		1815
46		5326		112565		1786
47		5200		114960		1766
48		5232		117355		1833
49		5264		119750		1758
50		5173		122145		1783
51		5222		124540		1804
52		5278		126935		1787
53		5254		129330		1811
54		5273		131725		1764
55		5265		134120		1795
56		5229		136515		1719
57		5299		138910		1787
58		5292		141305		1787
59		5264		143700		1784
60		5365		146095		1754
61		5298		148490		1774
62		5328		150885		1734
63		5309		153280		1797
64		5288		155675		1781
65		5243		158070		1782
66		5268		160465		1807
67		5241		162860		1804
68		5206		165255		1775
69		5202		167650		1781
70		5224		170045		1769
71		5258		172440		1792
72		5314		174835		1767
73		5133		177230		1767
74		5262		179625		1801
75		5229		182020		1758
76		5282		184415		1759
77		5222		186810		1823
78		5259		189205		1752
79		5187		191600		1756
80		5217		193995		1789
81		5168		196390		1776
82		5170		198785		1757
83		5166		201180		1772
84		5230		203575		1768
85		5068		205970		1790
86		5234		208365		1797
87		5154		210760		1753
88		5166		213155		1796
89		5072		215550		1770
90		5186		217945		1774
91		5191		220340		1797
92		5176		222735		1800
93		5196		225130		1763
94		5142		227525		1784
95		5224		229920		1776
96		5171		232315		1757
97		5235		234710		1790
98		5188		237105		1777
99		5210		239500		1800
100		5195		241895		1776
101		5254		244290		1748
102		5256		246685		1769
103		5238		249080		1739
104		5175		251475		1800
105		5112		253870		1761
106		5164		256265		1770
107		5171		258660		1793
108		5094		261055		1818
109		5083		263450		1770
110		5219		265845		1777
111		5115		268240		1821
112		5150		270635		1757
113		5127		273030		1797
114		5148		275425		1787
115		5212		277820		1762
116		5177		280215		1769
117		5131		282610		1778
118		5122		285005		1786
119		5094		287400		1775
120		5149		289795		1802
121		5157		292190		1799
122		5169		294585		1794
123		5054		296980		1764
124		5159		299375		1784
125		5108		301770		1777
126		5181		304165		1741
127		5174		306560		1792
128		5099		308955		1751
129		5218		311350		1791
130		5148		313745		1730
131		5117		316140		1777
132		5187		318535		1763
133		5135		320930		1769
134		5174		323325		1752
135		5169		325720		1761
136		5158		328115		1798
137		5170		330510		1782
138		5192		332905		1767
139		5202		335300		1774
140		5145		337695		1790
141		5159		340090		1762
142		5244		342485		1758
143		5130		344880		1784
144		5240		347275		1762
145		5237		349670		1770
146		5024		352065		1763
147		5095		354460		1802
148		5101		356855		1756
149		5201		359250		1748
150		5130		361645		1793
151		5166		364040		1796
152		5145		366435		1787
153		5203		368830		1821
154		5245		371225		1715
155		5128		373620		1787
156		5137		376015		1774
157		5197		378410		1780
158		5286		380805		1805
159		5207		383200		1778
160		5064		385595		1809
161		5208		387990		1772
162		5187		390385		1798
163		5184		392780		1742
164		5192		395175		1792
165		5186		397570		1784
166		5165		399965		1776
167		5210		402360		1759
168		5120		404755		1792
169		5110		407150		1791
170		5166		409545		1813
171		5186		411940		1767
172		5038		414335		1812
173		5124		416730		1757
174		5067		419125		1821
175		5185		421520		1793
176		5144		423915		1764
177		5209		426310		1782
178		5165		428705		1802
179		5151		431100		1757
180		5196		433495		1786
181		5119		435890		1775
182		5146		438285		1805
183		5155		440680		1777
184		5258		443075		1772
185		5175		445469		1777
186		5187		447864		1778
187		5199		450259		1775
188		5182		452654		1791
189		5248		455049		1793
190		5207		457444		1772
191		5195		459839		1809
192		5190		462234		1755
193		5291		464629		1774
194		5191		467024		1799
195		5227		469419		1739
196		5205		471814		1781
197		5163		474209		1756
198		5129		476604		1807
199		5217		478999		1768
200		5157		481394		1775
201		5196		483789		1799
202		5238		486184		1770
203		5168		488579		1794
204		5202		490974		1759
205		5106		493369		1802
206		5176		495764		1763
207		5246		498159		1805
208		5242		500554		1759
209		5054		502949		1817
210		5130		505344		1768
211		5197		507739		1792
212		5203		510134		1776
213		5105		512529		1768
214		5128		514924		1798
215		5151		517319		1764
216		5120		519714		1792
217		5162		522109		1801
218		5142		524504		1806
219		5031		526899		1779
220		5142		529294		1787
221		5161		531689		1791
222		5120		534084		1760
223		5036		536479		1781
224		5077		538874		1786
225		5148		541269		1787
226		5098		543664		1773
227		5051		546059		1791
228		5182		548454		1811
229		5054		550849		1812
230		5038		553244		1761
231		4969		555639		1798
232		5031		558034		1805
233		4944		560429		1791
234		5017		562824		1790
235		5015		565218		1806
236		5046		567613		1767
237		5081		570008		1783
238		4935		572403		1806
239		5024		574798		1804
240		5126		577193		1811
241		5057		579588		1800
242		5086		581983		1812
243		4908		584378		1763
244		5052		586773		1808
245		5072		589168		1808
246		5091		591563		1761
247		5061		593958		1791
248		5079		596353		1799
249		5073		598748		1784
250		5028		601143		1780
251		5013		603538		1795
252		4871		605933		1790
253		4872		608328		1764
254		4977		610723		1768
255		4994		613118		1802
256		4888		615513		1773
257		5095		617908		1781
258		4962		620303		1770
259		5059		622698		1788
260		5088		625093		1745
261		5072		627488		1799
262		4904		629883		1779
263		5000		632278		1795
264		4991		634673		1796
265		4986		637068		1807
266		5071		639463		1811
267		4986		641858		1793
268		5001		644253		1783
269		4967		646648		1812
270		4955		649043		1795
271		4987		651438		1824
272		4912		653833		1777
273		4967		656228		1798
274		4994		658623		1766
275		5084		661018		1840
276		4992		663413		1800
277		4926		665808		1809
278		4999		668203		1855
279		4958		670598		1783
280		4980		672993		1805
281		4936		675388		1795
282		4857		677783		1761
283		5049		680178		1799
284		4937		682573		1785
285		4999		684968		1781
286		4891		687363		1774
287		4928		689758		1831
288		4814		692153		1778
289		4886		694548		1775
290		5055		696943		1799
291		4843		699338		1784
292		4871		701733		1791
293		4826		704128		1778
294		4830		706523		1806
295		4823		708918		1792
296		4837		711313		1788
297		4844		713708		1780
298		4921		716103		1786
299		4901		718498		1803
300		4967		720893		1835
301		4773		723288		1778
302		4999		725683		1811
303		4930		728078		1783
304		4786		730473		1793
305		4877		732868		1780
306		4853		735263		1795
307		4907		737658		1785
308		4906		740053		1758
309		4890		742448		1803
310		4941		744843		1768
311		4893		747238		1812
312		4962		749633		1784
313		4996		752028		1800
314		4893		754423		1788
315		4877		756818		1770
316		4883		759212		1786
317		4861		761607		1823
318		4845		764002		1788
319		4808		766397		1801
320		4889		768792		1787
321		4835		771187		1789
322		4877		773582		1817
323		4853		775977		1801
324		4668		778372		1794
325		4812		780767		1794
326		4856		783162		1790
327		4824		785557		1766
328		4816		787952		1788
329		4802		790347		1781
330		4893		792742		1809
331		4845		795137		1788
332		4943		797532		1823
333		4793		799927		1802
334		4828		802322		1805
335		4868		804717		1783
336		4738		807112		1793
337		4882		809507		1795
338		4742		811901		1831
339		4836		814296		1780
340		4822		816691		1776
341		4791		819086		1800
342		4871		821481		1808
343		4807		823876		1829
344		4775		826271		1775
345		4826		828666		1825
346		4762		831061		1783
347		4705		833456		1786
348		4787		835851		1777
349		4758		838246		1804
350		4947		840641		1793
351		4755		843036		1819
352		4640		845430		1822
353		4912		847825		1811
354		4959		850220		1794
355		4791		852615		1818
356		4829		855010		1791
357		4937		857405		1783
358		4754		859800		1806
359		4897		862195		1827
360		4769		864590		1799
361		4827		866985		1800
362		4765		869380		1784
363		4825		871775		1815
364		4867		874170		1803
365		4831		876565		1775
366		4852		878960		1783
367		4748		881355		1847
368		4484		883750		1817
369		4553		886145		1837
370		4566		888540		1809
371		4580		890935		1798
372		4384		893330		1816
373		4393		895725		1790
374		4529		898120		1811
375		4549		900515		1800
376		4613		902910		1786
377		4645		905305		1766
378		4656		907700		1792
379		4625		910095		1794
380		4578		912490		1788
381		4527		914885		1779
382		4642		917280		1810
383		4474		919675		1786
384		4367		922069		1825
385		4516		924464		1781
386		4588		926859		1792
387		4680		929254		1805
388		4417		931649		1789
389		4674		934044		1781
390		4688		936439		1790
391		4558		938834		1796
392		4572		941229		1805
393		4539		943624		1800
394		4519		946019		1817
395		4493		948414		1792
396		4625		950809		1799
397		4448		953204		1787
398		4462		955599		1792
399		4521		957994		1801
400		4411		960388		1796
401		4429		962783		1774
402		4557		965178		1801
403		4557		967573		1788
404		4571		969968		1820
405		4601		972363		1815
406		4602		974758		1767
407		4565		977153		1820
408		4572		979548		1764
409		4645		981943		1825
410		4604		984338		1798
411		4622		986733		1802
412		4538		989128		1829
413		4559		991523		1793
414		4558		993918		1795
415		4536		996313		1796
416		4481		998707		1809
417		4613		1001102		1792
418		4561		1003497		1792
419		4578		1005891		1773
420		4584		1008286		1815
421		4590		1010681		1822
422		4522		1013076		1782
423		4458		1015471		1810
424		4480		1017866		1816
425		4582		1020261		1797
426		4483		1022656		1829
427		4512		1025051		1832
428		4660		1027446		1786
429		4574		1029841		1843
430		4539		1032236		1806
431		4411		1034631		1783
432		4502		1037025		1817
433		4471		1039420		1822
434		4486		1041815		1808
435		4512		1044210		1802
436		4545		1046605		1821
437		4433		1049000		1808
438		4467		1051395		1810
439		4494		1053790		1777
440		4515		1056185		1815
441		4562		1058580		1789
442		4570		1060975		1786
443		4498		1063370		1790
444		4551		1065765		1806
445		4585		1068159		1793
446		4500		1070554		1784
447		4417		1072949		1776
448		4536		1075344		1768
449		4540		1077739		1799
450		4501		1080132		1805
451		4552		1082527		1796
452		4535		1084922		1814
453		4512		1087317		1798
454		4510		1089712		1814
455		4614		1092107		1800
456		4582		1094502		1819
457		4527		1096897		1800
458		4565		1099292		1798
459		4403		1101687		1798
460		4500		1104081		1785
461		4452		1106476		1786
462		4319		1108871		1793
463		4288		1111266		1795
464		4358		1113661		1787
465		4258		1116055		1794
466		4429		1118450		1788
467		4477		1120845		1808
468		4285		1123239		1794
469		4408		1125634		1828
470		4293		1128029		1812
471		4303		1130423		1813
472		4347		1132818		1794
473		4334		1135213		1797
474		4487		1137608		1827
475		4352		1140003		1835
476		4466		1142398		1868
477		4273		1144793		1806
478		4287		1147188		1845
479		4346		1149583		1829
480		4301		1151978		1789
481		4318		1154372		1823
482		4104		1156767		1835
483		3945		1159160		1848
484		3963		1161555		1816
485		3997		1163949		1843
486		4017		1166344		1874
487		4304		1168739		1820
488		4213		1171133		1823
489		4064		1173528		1829
490		4018		1175923		1821
491		3979		1178318		1828
492		3776		1180712		1828
493		3825		1183107		1832
494		3833		1185502		1847
495		3881		1187897		1804
496		4032		1190291		1840
497		3936		1192686		1819
498		3801		1195081		1839
499		3805		1197476		1842
500		3684		1199871		1872
501		3734		1202266		1847
502		3700		1204659		1818
503		3726		1207054		1832
504		3793		1209446		1842
505		3669		1211840		1846
506		3728		1214234		1831
507		3639		1216628		1825
508		3741		1219021		1834
509		3771		1221415		1836
510		3659		1223810		1844
511		3600		1226205		1857
512		3676		1228599		1840
513		3720		1230994		1827
514		3746		1233389		1821
515		3758		1235784		1839
516		3697		1238177		1822
517		3555		1240571		1814
518		3640		1242965		1832
519		3627		1245360		1836
520		3564		1247755		1855
521		3694		1250150		1828
522		3570		1252545		1838
523		3622		1254938		1822
524		3615		1257333		1859
525		3518		1259727		1829
526		3512		1262122		1824
527		3494		1264516		1840
528		3513		1266911		1837
529		3452		1269305		1831
530		3459		1271700		1842
531		3494		1274092		1822
532		3450		1276487		1806
533		3472		1278882		1828
534		3469		1281276		1830
535		3465		1283670		1833
536		3469		1286065		1816
537		3384		1288460		1852
538		3400		1290854		1859
539		3389		1293249		1826
540		3362		1295644		1851
541		3384		1298039		1813
542		3394		1300431		1824
543		3468		1302826		1834
544		3355		1305221		1836
545		3393		1307616		1815
546		3379		1310011		1859
547		3446		1312406		1830
548		3357		1314799		1833
549		3381		1317194		1840
550		3367		1319589		1836
551		3391		1321984		1815
552		3428		1324379		1820
553		3322		1326774		1833
554		3374		1329166		1800
555		3365		1331561		1808
556		3355		1333955		1795
557		3385		1336350		1818
558		3277		1338745		1817
559		3308		1341140		1817
560		3308		1343535		1818
561		3323		1345929		1820
562		3289		1348324		1813
563		3319		1350719		1812
564		3344		1353113		1790
565		3358		1355507		1822
566		3316		1357902		1791
567		3326		1360296		1782
568		3329		1362691		1827
569		3307		1365086		1812
570		3260		1367481		1829
571		3318		1369875		1801
572		3287		1372270		1785
573		3267		1374665		1812
574		3286		1377060		1823
575		3296		1379455		1813
576		3282		1381848		1842
577		3303		1384243		1860
578		3294		1386636		1818
579		3259		1389031		1855
580		3294		1391425		1813
581		3317		1393820		1825
582		3290		1396213		1797
583		3240		1398607		1835
584		3212		1401000		1819
585		3221		1403395		1833
586		3233		1405789		1838
587		3211		1408183		1843
588		3212		1410576		1824
589		3221		1412970		1819
590		3242		1415363		1808
591		3191		1417757		1810
592		3225		1420151		1815
593		3195		1422545		1807
594		3224		1424940		1810
595		3281		1427335		1813
596		3221		1429729		1816
597		3220		1432123		1824
598		3245		1434515		1827
599		3219		1436910		1826
600		3275		1439305		1834
601		3236		1441699		1814
602		3173		1444094		1798
603		3196		1446487		1824
604		3189		1448880		1804
605		3252		1451274		1805
606		3231		1453669		1799
607		3192		1456064		1814
608		3159		1458459		1791
609		3132		1460851		1781
610		3133		1463245		1808
611		3095		1465640		1797
612		3150		1468035		1812
613		3138		1470429		1790
614		3160		1472823		1813
615		3158		1475218		1810
616		3158		1477613		1790
617		3174		1480007		1814
618		3143		1482400		1825
619		3159		1484794		1799
620		3127		1487189		1797
621		3117		1489584		1780
622		3101		1491978		1799
623		3091		1494372		1806
624		3049		1496765		1802
625		3086		1499159		1796
626		3126		1501554		1781
627		3077		1503949		1817
628		3083		1506344		1797
629		3046		1508738		1807
630		3012		1511133		1799
631		3066		1513526		1815
632		3045		1515919		1807
633		3044		1518313		1824
634		3029		1520707		1789
635		3000		1523102		1822
636		3019		1525496		1821
637		3057		1527891		1813
638		3040		1530286		1804
639		3011		1532681		1809
640		3018		1535074		1816
641		3041		1537469		1800
642		3011		1539864		1803
643		3013		1542259		1810
644		3037		1544654		1790
645		3052		1547049		1819
646		3037		1549444		1799
647		3047		1551838		1794
648		3008		1554232		1813
649		3047		1556627		1812
650		3042		1559021		1806
651		3024		1561414		1826
652		2969		1563808		1817
653		2993		1566201		1795
654		2995		1568595		1832
655		2976		1570989		1793
656		2943		1573383		1810
657		2946		1575776		1822
658		2944		1578169		1830
659		2937		1580563		1792
660		2904		1582957		1774
661		2931		1585352		1818
662		2914		1587745		1799
663		2955		1590139		1790
664		2929		1592534		1822
665		2886		1594925		1795
666		2906		1597320		1817
667		2906		1599714		1788
668		2941		1602107		1799
669		2949		1604502		1797
670		2967		1606897		1797
671		2967		1609289		1804
672		2941		1611683		1820
673		2932		1614077		1800
674		2900		1616470		1793
675		2897		1618865		1796
676		2871		1621259		1816
677		2881		1623654		1805
678		2893		1626049		1789
679		2890		1628444		1789
680		2881		1630837		1800
681		2885		1633232		1811
682		2839		1635627		1808
683		2854		1638022		1788
684		2859		1640415		1815
685		2834		1642810		1788
686		2852		1645203		1800
687		2827		1647598		1794
688		2847		1649992		1785
689		2848		1652387		1791
690		2852		1654782		1787
691		2848		1657177		1799
692		2846		1659572		1813
693		2853		1661967		1802
694		2842		1664362		1802
695		2813		1666757		1796
696		2817		1669151		1803
697		2806		1671546		1818
698		2800		1673941		1807
699		2779		1676334		1795
700		2804		1678729		1793
701		2811		1681123		1798
702		2819		1683517		1803
703		2827		1685912		1806
704		2794		1688305		1807
705		2803		1690700		1816
706		2780		1693093		1805
707		2751		1695487		1801
708		2794		1697882		1802
709		2764		1700277		1804
710		2798		1702672		1796
711		2763		1705067		1823
712		2767		1707461		1804
713		2782		1709856		1807
714		2794		1712249		1814
715		2787		1714644		1821
716		2778		1717038		1808
717		2817		1719431		1807
718		2805		1721826		1808
719		2814		1724221		1812
720		2753		1726616		1809
721		2753		1729010		1821
722		2747		1731404		1806
723		2741		1733798		1811
724		2735		1736193		1811
725		2770		1738584		1801
726		2794		1740977		1796
727		2755		1743369		1790
728		2774		1745762		1806
729		2779		1748157		1806
730		2774		1750551		1823
731		2759		1752945		1805
732		2751		1755339		1813
733		2802		1757733		1805
734		2826		1760128		1810
735		2807		1762521		1814
736		2785		1764915		1805
737		2787		1767309		1797
738		2786		1769704		1796
739		2836		1772099		1796
740		2794		1774493		1809
741		2750		1776887		1803
742		2756		1779280		1794
743		2752		1781674		1801
744		2748		1784067		1812
745		2772		1786461		1815
746		2755		1788855		1812
747		2749		1791250		1812
748		2751		1793643		1805
749		2716		1796038		1815
750		2704		1798432		1811
751		2732		1800826		1818
752		2747		1803220		1809
753		2745		1805612		1809
754		2773		1808007		1825
755		2742		1810398		1798
756		2720		1812793		1812
757		2759		1815187		1828
758		2711		1817581		1815
759		2720		1819973		1829
760		2702		1822367		1818
761		2699		1824761		1826
762		2720		1827155		1807
763		2720		1829549		1814
764		2711		1831944		1821
765		2719		1834338		1811
766		2688		1836732		1789
767		2679		1839127		1796
768		2653		1841519		1826
769		2673		1843913		1812
770		2657		1846308		1811
771		2656		1848703		1807
772		2668		1851097		1792
773		2677		1853491		1799
774		2652		1855886		1797
775		2666		1858281		1808
776		2686		1860676		1804
777		2682		1863070		1815
778		2673		1865465		1815
779		2646		1867860		1822
780		2656		1870254		1822
781		2666		1872649		1806
782		2674		1875042		1792
783		2685		1877437		1821
784		2693		1879831		1809
785		2691		1882224		1812
786		2696		1884619		1813
787		2682		1887013		1806
788		2670		1889407		1811
789		2672		1891802		1821
790		2701		1894195		1804
791		2704		1896590		1804
792		2684		1898984		1822
793		2685		1901379		1817
794		2703		1903772		1820
795		2670		1906167		1826
796		2682		1908561		1817
797		2662		1910955		1819
798		2675		1913349		1799
799		2694		1915741		1800
800		2680		1918136		1803
801		2648		1920530		1804
802		2663		1922924		1808
803		2638		1925318		1811
804		2615		1927711		1824
805		2639		1930105		1802
806		2625		1932499		1800
807		2616		1934893		1811
808		2621		1937288		1803
809		2613		1939683		1793
810		2626		1942078		1795
811		2633		1944472		1766
812		2607		1946866		1787
813		2627		1949259		1789
814		2609		1951653		1799
815		2620		1954046		1782
816		2615		1956440		1793
817		2629		1958834		1804
818		2622		1961228		1795
819		2644		1963620		1801
820		2614		1966014		1801
821		2629		1968408		1800
822		2632		1970801		1801
823		2648		1973196		1832
824		2620		1975589		1811
825		2622		1977982		1798
826		2626		1980377		1798
827		2618		1982772		1807
828		2623		1985167		1804
829		2634		1987562		1801
830		2590		1989955		1793
831		2590		1992350		1810
832		2590		1994744		1791
833		2583		1997139		1802
834		2573		1999534		1800
835		2572		2001927		1800
836		2573		2004320		1801
837		2583		2006715		1811
838		2575		2009110		1791
839		2600		2011505		1808
840		2591		2013897		1799
841		2626		2016292		1798
842		2609		2018687		1805
843		2604		2021080		1808
844		2591		2023475		1807
845		2618		2025870		1788
846		2614		2028263		1827
847		2609		2030657		1793
848		2605		2033052		1801
849		2617		2035447		1800
850		2616		2037841		1791
851		2616		2040234		1803
852		2607		2042628		1819
853		2599		2045022		1809
854		2594		2047417		1823
855		2589		2049811		1818
856		2583		2052204		1811
857		2603		2054599		1811
858		2614		2056993		1812
859		2581		2059388		1823
860		2567		2061780		1809
861		2597		2064175		1835
862		2615		2066568		1818
863		2584		2068961		1824
864		2593		2071353		1831
865		2585		2073745		1816
866		2576		2076139		1816
867		2563		2078533		1817
868		2572		2080927		1813
869		2559		2083322		1814
870		2566		2085716		1817
871		2580		2088111		1817
872		2577		2090505		1806
873		2573		2092899		1812
874		2606		2095294		1805
875		2586		2097689		1799
876		2539		2100082		1819
877		2555		2102477		1804
878		2536		2104870		1828
879		2521		2107265		1813
880		2551		2109660		1814
881		2546		2112055		1814
882		2523		2114449		1824
883		2544		2116844		1805
884		2522		2119238		1812
885		2527		2121633		1814
886		2550		2124027		1815
887		2523		2126421		1817
888		2539		2128814		1830
889		2560		2131209		1823
890		2512		2133602		1824
891		2536		2135994		1825
892		2534		2138389		1830
893		2540		2140783		1809
894		2519		2143177		1832
895		2549		2145572		1813
896		2528		2147967		1813
897		2523		2150361		1825
898		2532		2152754		1800
899		2539		2155149		1779
900		2510		2157544		1799
901		2536		2159937		1802
902		2503		2162332		1796
903		2518		2164727		1799
904		2501		2167122		1797
905		2483		2169515		1790
906		2513		2171910		1800
907		2501		2174305		1794
908		2526		2176700		1802
909		2513		2179094		1814
910		2477		2181488		1793
911		2479		2183882		1798
912		2476		2186276		1793
913		2488		2188670		1793
914		2495		2191065		1794
915		2466		2193459		1800
916		2494		2195852		1803
917		2462		2198247		1788
918		2474		2200641		1805
919		2463		2203035		1807
920		2469		2205428		1793
921		2457		2207822		1799
922		2452		2210217		1808
923		2436		2212611		1786
924		2440		2215006		1791
925		2442		2217400		1786
926		2470		2219793		1793
927		2445		2222187		1798
928		2473		2224581		1776
929		2446		2226976		1786
930		2466		2229371		1798
931		2455		2231766		1787
932		2453		2234160		1790
933		2456		2236554		1786
934		2476		2238947		1791
935		2454		2241341		1782
936		2448		2243734		1805
937		2442		2246127		1803
938		2449		2248520		1795
939		2445		2250915		1802
940		2459		2253309		1794
941		2472		2255703		1793
942		2446		2258097		1799
943		2452		2260492		1802
944		2464		2262887		1794
945		2432		2265282		1790
946		2442		2267674		1800
947		2445		2270069		1794
948		2454		2272462		1803
949		2449		2274854		1808
950		2472		2277249		1798
951		2459		2279643		1802
952		2441		2282038		1793
953		2450		2284432		1790
954		2461		2286824		1802
955		2446		2289217		1802
956		2460		2291612		1802
957		2417		2294007		1808
958		2444		2296400		1799
959		2422		2298794		1797
960		2423		2301188		1799
961		2457		2303583		1805
962		2455		2305975		1799
963		2453		2308370		1819
964		2440		2310763		1801
965		2445		2313155		1796
966		2444		2315548		1800
967		2434		2317942		1803
968		2455		2320336		1802
969		2450		2322730		1808
970		2434		2325125		1813
971		2423		2327519		1807
972		2435		2329913		1805
973		2439		2332308		1803
974		2442		2334702		1809
975		2441		2337096		1807
976		2453		2339491		1812
977		2440		2341884		1814
978		2428		2344278		1827
979		2437		2346672		1823
980		2437		2349066		1820
981		2450		2351460		1823
982		2462		2353855		1813
983		2455		2356249		1809
984		2424		2358644		1823
985		2419		2361038		1808
986		2449		2363432		1807
987		2420		2365827		1822
988		2440		2368222		1809
989		2429		2370616		1810
990		2416		2373010		1814
991		2415		2375404		1811
992		2433		2377799		1812
993		2434		2380193		1818
994		2405		2382588		1810
995		2411		2384980		1813
996		2423		2387375		1822
997		2405		2389767		1816
998		2409		2392161		1800
999		2425		2394553		1807
1000		2414		2396947		1809
1001		2402		2399342		1800
1002		2412		2401737		1810
1003		2401		2404131		1805
1004		2394		2406526		1805
1005		2389		2408921		1814
1006		2398		2411314		1808
1007		2387		2413707		1804
1008		2395		2416101		1808
1009		2395		2418493		1793
1010		2398		2420886		1798
1011		2407		2423280		1806
1012		2395		2425675		1800
1013		2414		2428069		1797
1014		2399		2430463		1803
1015		2408		2432857		1807
1016		2421		2435252		1796
1017		2414		2437645		1802
1018		2411		2440040		1789
1019		2401		2442434		1792
1020		2416		2444827		1793
1021		2424		2447221		1796
1022		2423		2449613		1804
1023		2417		2452007		1801
1024		2428		2454402		1793
1025		2414		2456797		1813
1026		2419		2459189		1810
1027		2407		2461583		1801
1028		2404		2463978		1794
1029		2397		2466371		1798
1030		2392		2468765		1797
1031		2405		2471159		1785
1032		2385		2473553		1789
1033		2390		2475947		1787
1034		2393		2478341		1789
1035		2393		2480735		1800
1036		2388		2483129		1798
1037		2419		2485523		1783
1038		2432		2487918		1791
1039		2434		2490312		1783
1040		2422		2492705		1788
1041		2421		2495099		1787
1042		2399		2497494		1786
1043		2407		2499889		1789
1044		2405		2502283		1799
1045		2386		2504678		1789
1046		2405		2507073		1788
1047		2392		2509467		1803
1048		2389		2511861		1795
1049		2392		2514255		1796
1050		2391		2516650		1801
1051		2400		2519044		1795
1052		2385		2521437		1802
1053		2396		2523831		1800
1054		2381		2526225		1791
1055		2382		2528619		1805
1056		2392		2531014		1816
1057		2394		2533409		1791
1058		2375		2535804		1795
1059		2401		2538197		1799
1060		2396		2540590		1805
1061		2393		2542984		1798
1062		2388		2545378		1813
1063		2385		2547772		1793
1064		2387		2550165		1806
1065		2383		2552560		1805
1066		2390		2554955		1801
1067		2378		2557348		1798
1068		2377		2559743		1801
1069		2373		2562138		1788
1070		2378		2564532		1798
1071		2366		2566924		1810
1072		2360		2569319		1798
1073		2372		2571713		1812
1074		2366		2574106		1812
1075		2357		2576499		1799
1076		2366		2578893		1803
1077		2347		2581288		1805
1078		2354		2583683		1791
1079		2350		2586077		1800
1080		2348		2588472		1805
1081		2349		2590865		1793
1082		2343		2593260		1790
1083		2347		2595653		1798
1084		2344		2598046		1793
1085		2334		2600441		1789
1086		2339		2602836		1800
1087		2339		2605230		1787
1088		2335		2607625		1790
1089		2326		2610019		1790
1090		2330		2612411		1789
1091		2332		2614805		1795
1092		2343		2617199		1795
1093		2352		2619594		1787
1094		2331		2621987		1798
1095		2344		2624382		1801
1096		2338		2626776		1785
1097		2325		2629168		1777
1098		2336		2631561		1800
1099		2337		2633955		1778
1100		2348		2636350		1791
1101		2349		2638743		1796
1102		2334		2641138		1788
1103		2332		2643531		1793
1104		2333		2645924		1798
1105		2344		2648318		1787
1106		2348		2650712		1796
1107		2328		2653106		1790
1108		2353		2655499		1785
1109		2334		2657893		1788
1110		2332		2660287		1799
1111		2332		2662681		1787
1112		2310		2665075		1794
1113		2315		2667466		1796
1114		2323		2669857		1783
1115		2330		2672252		1785
1116		2324		2674645		1797
1117		2320		2677039		1781
1118		2320		2679431		1788
1119		2318		2681826		1794
1120		2314		2684219		1793
1121		2319		2686614		1790
1122		2295		2689007		1794
1123		2314		2691401		1787
1124		2298		2693795		1798
1125		2308		2696188		1800
1126		2318		2698583		1792
1127		2305		2700977		1784
1128		2299		2703371		1789
1129		2304		2705766		1784
1130		2304		2708160		1787
1131		2313		2710555		1790
1132		2297		2712950		1781
1133		2303		2715345		1788
1134		2296		2717740		1784
1135		2294		2720133		1782
1136		2295		2722526		1785
1137		2290		2724918		1781
1138		2289		2727312		1778
1139		2281		2729705		1776
1140		2290		2732097		1786
1141		2296		2734489		1771
1142		2278		2736883		1778
1143		2288		2739276		1783
1144		2287		2741670		1775
1145		2287		2744062		1781
1146		2296		2746455		1787
1147		2290		2748849		1774
1148		2300		2751243		1777
1149		2295		2753638		1777
1150		2296		2756033		1777
1151		2298		2758428		1780
1152		2299		2760822		1779
1153		2298		2763215		1772
1154		2300		2765609		1775
1155		2290		2768004		1782
1156		2292		2770398		1781
1157		2285		2772793		1784
1158		2292		2775187		1786
1159		2292		2777582		1776
1160		2296		2779977		1787
1161		2292		2782372		1787
1162		2287		2784765		1782
1163		2291		2787159		1780
1164		2280		2789552		1780
1165		2287		2791946		1782
1166		2286		2794340		1787
1167		2274		2796735		1782
1168		2285		2799130		1779
1169		2287		2801525		1787
1170		2278		2803917		1787
1171		2285		2806311		1781
1172		2275		2808705		1786
1173		2278		2811097		1792
1174		2281		2813492		1783
1175		2279		2815886		1786
1176		2284		2818281		1789
1177		2276		2820675		1783
1178		2275		2823069		1787
1179		2276		2825463		1786
1180		2270		2827857		1780
1181		2272		2830252		1783
1182		2268		2832646		1786
1183		2284		2835041		1781
1184		2276		2837436		1784
1185		2270		2839831		1790
1186		2272		2842226		1781
1187		2268		2844621		1784
1188		2279		2847014		1789
1189		2274		2849409		1775
1190		2279		2851802		1780
1191		2271		2854197		1779
1192		2273		2856591		1776
1193		2274		2858985		1785
1194		2274		2861380		1786
1195		2276		2863774		1784
1196		2269		2866168		1785
1197		2268		2868561		1781
1198		2275		2870956		1777
1199		2266		2873348		1783
1200		2264		2875743		1781
1201		2271		2878138		1779
1202		2265		2880532		1788
1203		2260		2882925		1790
1204		2257		2885318		1780
1205		2262		2887712		1784
1206		2258		2890105		1789
1207		2253		2892500		1775
1208		2257		2894894		1783
1209		2258		2897289		1779
1210		2257		2899681		1777
1211		2263		2902076		1781
1212		2250		2904470		1783
1213		2260		2906865		1780
1214		2251		2909258		1782
1215		2246		2911652		1785
1216		2251		2914044		1778
1217		2245		2916437		1778
1218		2255		2918832		1784
1219		2254		2921226		1773
1220		2255		2923620		1782
1221		2253		2926015		1786
1222		2247		2928409		1778
1223		2254		2930804		1783
1224		2245		2933199		1782
1225		2252		2935593		1779
1226		2254		2937988		1786
1227		2251		2940383		1781
1228		2255		2942778		1776
1229		2253		2945173		1779
1230		2249		2947568		1783
1231		2255		2949962		1777
1232		2247		2952355		1781
1233		2252		2954748		1786
1234		2251		2957142		1776
1235		2249		2959534		1782
1236		2251		2961927		1785
1237		2247		2964318		1771
1238		2250		2966712		1777
1239		2250		2969107		1781
1240		2250		2971501		1776
1241		2252		2973895		1781
1242		2244		2976288		1784
1243		2252		2978682		1778
1244		2245		2981076		1779
1245		2245		2983469		1786
1246		2250		2985863		1775
1247		2246		2988258		1781
1248		2247		2990653		1780
1249		2248		2993044		1774
1250		2245		2995438		1782
1251		2248		2997832		1783
1252		2238		3000227		1775
1253		2245		3002621		1781
1254		2238		3005013		1781
1255		2246		3007407		1775
1256		2246		3009800		1783
1257		2245		3012194		1782
1258		2249		3014589		1776
1259		2245		3016983		1778
1260		2245		3019378		1780
1261		2250		3021770		1775
1262		2240		3024164		1778
1263		2244		3026558		1780
1264		2242		3028953		1774
1265		2243		3031347		1781
1266		2245		3033737		1785
1267		2241		3036132		1772
1268		2240		3038525		1778
1269		2240		3040919		1779
1270		2239		3043311		1777
1271		2246		3045706		1776
1272		2238		3048099		1779
1273		2244		3050492		1775
1274		2242		3052886		1779
1275		2242		3055280		1783
1276		2248		3057674		1777
1277		2243		3060068		1776
1278		2244		3062459		1779
1279		2241		3064854		1770
1280		2241		3067249		1780
1281		2247		3069643		1782
1282		2237		3072036		1777
1283		2245		3074430		1780
1284		2240		3076825		1782
1285		2246		3079219		1776
1286		2247		3081612		1783
1287		2238		3084007		1780
1288		2244		3086401		1775
1289		2239		3088794		1775
1290		2237		3091188		1783
1291		2241		3093583		1773
1292		2237		3095978		1778
1293		2241		3098372		1782
1294		2234		3100766		1774
1295		2235		3103161		1780
1296		2239		3105554		1785
1297		2235		3107947		1773
1298		2241		3110341		1778
1299		2236		3112733		1779
1300		2238		3115126		1775
1301		2243		3117520		1778
1302		2235		3119914		1781
1303		2239		3122307		1773
1304		2234		3124701		1778
1305		2236		3127096		1784
1306		2238		3129490		1777
1307		2238		3131885		1776
1308		2238		3134279		1783
1309		2239		3136673		1769
1310		2235		3139067		1781
1311		2241		3141462		1781
1312		2237		3143855		1774
1313		2238		3146249		1779
1314		2235		3148642		1782
1315		2235		3151035		1776
1316		2238		3153429		1781
1317		2235		3155824		1780
1318		2241		3158219		1773
1319		2235		3160614		1775
1320		2235		3163007		1783
1321		2241		3165401		1775
1322		2234		3167794		1777
1323		2241		3170187		1782
1324		2234		3172581		1774
1325		2240		3174975		1782
1326		2240		3177370		1783
1327		2236		3179764		1771
1328		2242		3182157		1780
1329		2236		3184552		1779
1330		2234		3186947		1775
1331		2244		3189341		1778
1332		2231		3191736		1781
1333		2238		3194130		1775
1334		2167		3194877		1785
1335		2130		3195615		1784
1336		2105		3196322		1788
1337		2078		3197043		1780
1338		2059		3197744		1774
1339		2049		3198437		1777
1340		2035		3199128		1782
1341		2027		3199800		1782
1342		2012		3200475		1792
1343		2006		3201148		1797
1344		1994		3201813		1794
1345		1985		3202461		1794
1346		1978		3203104		1792
1347		1977		3203747		1794
1348		1971		3204387		1793
1349		1969		3205025		1794
1350		1965		3205652		1795
1351		1965		3206276		1791
1352		1955		3206898		1789
1353		1950		3207513		1792
1354		1947		3208128		1795
1355		1944		3208736		1797
1356		1945		3209340		1798
1357		1943		3209940		1800
1358		1939		3210539		1796
1359		1937		3211135		1795
1360		1933		3211726		1795
1361		1927		3212313		1789
1362		1918		3212885		1790
1363		1917		3213449		1790
1364		1909		3214007		1789
1365		1909		3214555		1787
1366		1904		3215101		1788
1367		1902		3215638		1788
1368		1896		3216172		1792
1369		1893		3216700		1794
1370		1890		3217226		1797
1371		1886		3217741		1796
1372		1881		3218253		1795
1373		1878		3218758		1798
1374		1869		3219257		1797
1375		1867		3219746		1796
1376		1863		3220235		1800
1377		1866		3220724		1800
1378		1858		3221201		1798
1379		1853		3221683		1797
1380		1853		3222155		1800
1381		1841		3222618		1796
1382		1837		3223080		1799
1383		1834		3223531		1796
1384		1829		3223984		1797
1385		1826		3224431		1795
1386		1822		3224869		1798
1387		1820		3225304		1798
1388		1816		3225734		1803
1389		1814		3226162		1802
1390		1812		3226583		1802
1391		1811		3227004		1801
1392		1808		3227422		1799
1393		1808		3227839		1799
1394		1808		3228254		1798
1395		1802		3228666		1800
1396		1801		3229073		1799
1397		1800		3229481		1799
1398		1798		3229889		1798
1399		1796		3230295		1794
1400		1792		3230693		1795
1401		1791		3231084		1795
1402		1790		3231473		1797
1403		1789		3231862		1796
1404		1788		3232249		1794
1405		1787		3232636		1794
1406		1784		3233019		1793
1407		1781		3233400		1793
1408		1781		3233778		1793
1409		1781		3234156		1793
1410		1779		3234532		1794
1411		1778		3234905		1791
1412		1776		3235275		1790
1413		1775		3235644		1791
1414		1773		3236010		1790
1415		1770		3236371		1787
1416		1769		3236726		1786
1417		1767		3237082		1788
1418		1766		3237433		1789
1419		1765		3237784		1789
1420		1761		3238133		1788
1421		1759		3238478		1789
1422		1756		3238818		1789
1423		1754		3239153		1789
1424		1753		3239484		1789
1425		1751		3239812		1788
1426		1749		3240140		1790
1427		1749		3240466		1790
1428		1748		3240791		1790
1429		1748		3241115		1790
1430		1748		3241439		1790
1431		1746		3241763		1791
1432		1744		3242081		1790
1433		1743		3242396		1790
1434		1742		3242709		1790
1435		1741		3243020		1789
1436		1741		3243330		1789
1437		1740		3243639		1788
1438		1739		3243948		1788
1439		1739		3244256		1788
1440		1738		3244565		1789
1441		1738		3244871		1789
1442		1738		3245177		1789
1443		1734		3245481		1792
1444		1734		3245782		1791
1445		1731		3246088		1789
1446		1728		3246384		1789
1447		1726		3246676		1790
1448		1726		3246964		1790
1449		1725		3247251		1791
1450		1725		3247538		1791
1451		1724		3247824		1788
1452		1724		3248109		1790
1453		1724		3248393		1790
1454		1722		3248675		1791
1455		1721		3248954		1792
1456		1720		3249231		1791
1457		1720		3249509		1791
1458		1719		3249786		1792
1459		1719		3250062		1792
1460		1719		3250338		1792
1461		1717		3250612		1791
1462		1716		3250883		1791
1463		1716		3251153		1791
1464		1715		3251422		1791
1465		1714		3251691		1791
1466		1713		3251958		1791
1467		1713		3252224		1791
1468		1712		3252489		1792
1469		1712		3252753		1792
1470		1712		3253017		1792
1471		1710		3253284		1791
1472		1710		3253546		1791
1473		1710		3253808		1791
1474		1709		3254071		1793
1475		1709		3254333		1793
1476		1709		3254595		1793
1477		1708		3254856		1792
1478		1708		3255116		1792
1479		1708		3255376		1792
1480		1707		3255635		1792
1481		1707		3255893		1792
1482		1707		3256151		1792
1483		1707		3256409		1792
1484		1705		3256665		1793
1485		1705		3256919		1793
1486		1705		3257175		1793
1487		1703		3257428		1792
1488		1702		3257679		1792
1489		1701		3257928		1792
1490		1700		3258175		1791
1491		1699		3258420		1791
1492		1699		3258664		1791
1493		1699		3258908		1791
1494		1699		3259152		1791
1495		1699		3259396		1791
1496		1699		3259640		1791
1497		1699		3259884		1791
1498		1699		3260128		1791
1499		1699		3260372		1791
1500		1699		3260616		1791
1501		1699		3260860		1791
1502		1699		3261104		1791
1503		1698		3261347		1791
1504		1698		3261589		1791
1505		1698		3261831		1791
1506		1698		3262073		1791
1507		1697		3262316		1792
1508		1696		3262555		1793
1509		1696		3262793		1793
1510		1696		3263031		1793
1511		1696		3263269		1793
1512		1696		3263507		1793
1513		1696		3263745		1793
1514		1696		3263983		1793
1515		1696		3264221		1793
1516		1696		3264459		1793
1517		1696		3264697		1793
1518		1695		3264934		1793
1519		1695		3265170		1793
1520		1695		3265406		1793
1521		1694		3265643		1792
1522		1694		3265877		1792
1523		1694		3266111		1792
1524		1694		3266345		1792
1525		1694		3266579		1792
1526		1694		3266813		1792
1527		1694		3267047		1792
1528		1694		3267281		1792
1529		1694		3267515		1792
1530		1694		3267749		1792
1531		1693		3267982		1791
1532		1692		3268213		1791
1533		1692		3268443		1791
1534		1692		3268673		1791
1535		1690		3268901		1790
1536		1690		3269127		1790
1537		1690		3269353		1790
1538		1690		3269579		1790
1539		1690		3269805		1790
1540		1690		3270031		1790
1541		1690		3270257		1790
1542		1690		3270483		1790
1543		1690		3270709		1790
1544		1689		3270936		1790
1545		1689		3271160		1790
1546		1689		3271384		1790
1547		1689		3271608		1790
1548		1689		3271832		1790
1549		1689		3272056		1790
1550		1689		3272280		1790
1551		1688		3272503		1788
1552		1688		3272725		1788
1553		1688		3272947		1788
1554		1688		3273169		1788
1555		1688		3273391		1788
1556		1688		3273613		1788
1557		1688		3273835		1788
1558		1688		3274057		1788
1559		1688		3274279		1788
1560		1688		3274501		1788
1561		1688		3274723		1788
1562		1687		3274944		1788
1563		1686		3275165		1788
1564		1686		3275383		1788
1565		1686		3275601		1788
1566		1686		3275819		1788
1567		1686		3276037		1788
1568		1686		3276255		1788
1569		1686		3276473		1788
1570		1686		3276691		1788
1571		1686		3276909		1788
1572		1686		3277127		1788
1573		1685		3277344		1789
1574		1685		3277560		1789
1575		1684		3277775		1790
1576		1684		3277989		1790
1577		1683		3278204		1789
1578		1683		3278416		1789
1579		1683		3278628		1789
1580		1683		3278840		1789
1581		1683		3279052		1789
1582		1683		3279264		1789
1583		1683		3279476		1789
1584		1683		3279688		1789
1585		1683		3279900		1789
1586		1682		3280113		1790
1587		1682		3280323		1790
1588		1682		3280533		1790
1589		1682		3280743		1790
1590		1682		3280953		1790
1591		1682		3281163		1790
1592		1681		3281372		1789
1593		1681		3281580		1789
1594		1681		3281788		1789
1595		1681		3281996		1789
1596		1681		3282204		1789
1597		1681		3282412		1789
1598		1681		3282620		1789
1599		1681		3282828		1789
1600		1681		3283036		1789
1601		1681		3283244		1789
1602		1681		3283452		1789
1603		1681		3283660		1789
1604		1681		3283868		1789
1605		1681		3284076		1789
1606		1680		3284283		1791
1607		1679		3284488		1791
1608		1679		3284692		1791
1609		1679		3284896		1791
1610		1679		3285100		1791
1611		1679		3285304		1791
1612		1679		3285508		1791
1613		1679		3285712		1791
1614		1678		3285917		1790
1615		1678		3286119		1790
1616		1678		3286321		1790
1617		1678		3286523		1790
1618		1678		3286725		1790
1619		1678		3286927		1790
1620		1678		3287129		1790
1621		1678		3287331		1790
1622		1678		3287533		1790
1623		1678		3287735		1790
1624		1678		3287937		1790
1625		1678		3288139		1790
1626		1678		3288341		1790
1627		1677		3288544		1791
1628		1677		3288744		1791
1629		1676		3288943		1791
1630		1676		3289141		1791
1631		1676		3289339		1791
1632		1676		3289537		1791
1633		1676		3289735		1791
1634		1676		3289933		1791
1635		1676		3290131		1791
1636		1675		3290330		1792
1637		1675		3290526		1792
1638		1675		3290722		1792
1639		1675		3290918		1792
1640		1675		3291114		1792
1641		1675		3291310		1792
1642		1675		3291506		1792
1643		1675		3291702		1792
1644		1675		3291898		1792
1645		1675		3292094		1792
1646		1675		3292290		1792
1647		1675		3292486		1792
1648		1675		3292682		1792
1649		1674		3292877		1791
1650		1674		3293071		1791
1651		1674		3293265		1791
1652		1674		3293459		1791
1653		1674		3293653		1791
1654		1674		3293847		1791
1655		1674		3294041		1791
1656		1674		3294235		1791
1657		1674		3294429		1791
1658		1674		3294623		1791
1659		1674		3294817		1791
1660		1674		3295011		1791
1661		1674		3295205		1791
1662		1674		3295399		1791
1663		1674		3295593		1791
1664		1674		3295787		1791
1665		1674		3295981		1791
1666		1674		3296175		1791
1667		1674		3296369		1791
1668		1674		3296563		1791
1669		1673		3296756		1793
1670		1673		3296948		1793
1671		1673		3297140		1793
1672		1673		3297332		1793
1673		1673		3297524		1793
1674		1673		3297716		1793
1675		1673		3297908		1793
1676		1672		3298099		1793
1677		1671		3298288		1791
1678		1671		3298476		1791
1679		1671		3298664		1791
1680		1671		3298852		1791
1681		1671		3299040		1791
1682		1671		3299228		1791
1683		1671		3299416		1791
1684		1671		3299604		1791
1685		1671		3299792		1791
1686		1671		3299980		1791
1687		1670		3300167		1793
1688		1670		3300353		1793
1689		1670		3300539		1793
1690		1670		3300725		1793
1691		1670		3300911		1793
1692		1670		3301097		1793
1693		1670		3301283		1793
1694		1670		3301469		1793
1695		1669		3301654		1794
1696		1668		3301837		1793
1697		1668		3302019		1793
1698		1668		3302201		1793
1699		1668		3302383		1793
1700		1668		3302565		1793
1701		1668		3302747		1793
1702		1668		3302929		1793
1703		1668		3303111		1793
1704		1668		3303293		1793
1705		1668		3303475		1793
1706		1668		3303657		1793
1707		1668		3303839		1793
1708		1668		3304021		1793
1709		1668		3304203		1793
1710		1668		3304385		1793
1711		1668		3304567		1793
1712		1668		3304749		1793
1713		1668		3304931		1793
1714		1668		3305113		1793
1715		1668		3305295		1793
1716		1668		3305477		1793
1717		1668		3305659		1793
1718		1668		3305841		1793
1719		1668		3306023		1793
1720		1668		3306205		1793
1721		1668		3306387		1793
1722		1668		3306569		1793
1723		1668		3306751		1793
1724		1668		3306933		1793
1725		1668		3307115		1793
1726		1668		3307297		1793
1727		1668		3307479		1793
1728		1668		3307661		1793
1729		1668		3307843		1793
1730		1668		3308025		1793
1731		1668		3308207		1793
1732		1668		3308389		1793
1733		1668		3308571		1793
1734		1668		3308753		1793
1735		1668		3308935		1793
1736		1668		3309117		1793
1737		1668		3309299		1793
1738		1668		3309481		1793
1739		1668		3309663		1793
1740		1668		3309845		1793
1741		1668		3310027		1793
1742		1668		3310209		1793
1743		1668		3310391		1793
1744		1668		3310573		1793
1745		1668		3310755		1793
1746		1668		3310937		1793
1747		1668		3311119		1793
1748		1668		3311301		1793
1749		1668		3311483		1793
1750		1668		3311665		1793
1751		1668		3311847		1793
1752		1668		3312029		1793
1753		1668		3312211		1793
1754		1668		3312393		1793
1755		1668		3312575		1793
1756		1668		3312757		1793
1757		1668		3312939		1793
1758		1668		3313121		1793
1759		1667		3313302		1791
1760		1667		3313482		1791
1761		1666		3313661		1791
1762		1666		3313839		1791
1763		1666		3314017		1791
1764		1666		3314195		1791
1765		1666		3314373		1791
1766		1666		3314551		1791
1767		1666		3314729		1791
1768		1666		3314907		1791
1769		1665		3315086		1789
1770		1665		3315262		1789
1771		1665		3315438		1789
1772		1665		3315614		1789
1773		1665		3315790		1789
1774		1665		3315966		1789
1775		1665		3316142		1789
1776		1665		3316318		1789
1777		1665		3316494		1789
1778		1665		3316670		1789
1779		1665		3316846		1789
1780		1665		3317022		1789
1781		1665		3317198		1789
1782		1665		3317374		1789
1783		1665		3317550		1789
1784		1665		3317726		1789
1785		1665		3317902		1789
1786		1665		3318078		1789
1787		1665		3318254		1789
1788		1665		3318430		1789
1789		1665		3318606		1789
1790		1665		3318782		1789
1791		1665		3318958		1789
1792		1665		3319134		1789
1793		1665		3319310		1789
1794		1665		3319486		1789
1795		1665		3319662		1789
1796		1665		3319838		1789
1797		1665		3320014		1789
1798		1665		3320190		1789
1799		1665		3320366		1789
1800		1665		3320542		1789
1801		1665		3320718		1789
1802		1665		3320894		1789
1803		1665		3321070		1789
1804		1665		3321246		1789
1805		1664		3321423		1790
1806		1664		3321597		1790
1807		1664		3321771		1790
1808		1664		3321945		1790
1809		1664		3322119		1790
1810		1664		3322293		1790
1811		1664		3322467		1790
1812		1664		3322641		1790
1813		1664		3322815		1790
1814		1664		3322989		1790
1815		1664		3323163		1790
1816		1664		3323337		1790
1817		1663		3323510		1790
1818		1663		3323682		1790
1819		1663		3323854		1790
1820		1663		3324026		1790
1821		1662		3324197		1792
1822		1662		3324367		1792
1823		1662		3324537		1792
1824		1662		3324707		1792
1825		1662		3324877		1792
1826		1662		3325047		1792
1827		1662		3325217		1792
1828		1662		3325387		1792
1829		1661		3325556		1791
1830		1661		3325724		1791
1831		1661		3325892		1791
1832		1661		3326060		1791
1833		1661		3326228		1791
1834		1661		3326396		1791
1835		1661		3326564		1791
1836		1661		3326732		1791
1837		1661		3326900		1791
1838		1660		3327067		1791
1839		1660		3327233		1791
1840		1660		3327399		1791
1841		1660		3327565		1791
1842		1660		3327731		1791
1843		1660		3327897		1791
1844		1660		3328063		1791
1845		1660		3328229		1791
1846		1660		3328395		1791
1847		1660		3328561		1791
1848		1660		3328727		1791
1849		1659		3328894		1790
1850		1659		3329058		1790
1851		1659		3329222		1790
1852		1659		3329386		1790
1853		1659		3329550		1790
1854		1659		3329714		1790
1855		1659		3329878		1790
1856		1659		3330042		1790
1857		1659		3330206		1790
1858		1659		3330370		1790
1859		1659		3330534		1790
1860		1659		3330698		1790
1861		1659		3330862		1790
1862		1659		3331026		1790
1863		1659		3331190		1790
1864		1659		3331354		1790
1865		1659		3331518		1790
1866		1659		3331682		1790
1867		1659		3331846		1790
1868		1659		3332010		1790
1869		1659		3332174		1790
1870		1658		3332337		1789
1871		1657		3332498		1791
1872		1657		3332658		1791
1873		1657		3332818		1791
1874		1657		3332978		1791
1875		1657		3333138		1791
1876		1657		3333298		1791
1877		1657		3333458		1791
1878		1656		3333617		1790
1879		1656		3333775		1790
1880		1656		3333933		1790
1881		1656		3334091		1790
1882		1656		3334249		1790
1883		1656		3334407		1790
1884		1656		3334565		1790
1885		1656		3334723		1790
1886		1656		3334881		1790
1887		1656		3335039		1790
1888		1656		3335197		1790
1889		1656		3335355		1790
1890		1656		3335513		1790
1891		1656		3335671		1790
1892		1656		3335829		1790
1893		1656		3335987		1790
1894		1656		3336145		1790
1895		1656		3336303		1790
1896		1656		3336461		1790
1897		1656		3336619		1790
1898		1656		3336777		1790
1899		1656		3336935		1790
1900		1656		3337093		1790
1901		1656		3337251		1790
1902		1656		3337409		1790
1903		1656		3337567		1790
1904		1656		3337725		1790
1905		1655		3337882		1790
1906		1655		3338038		1790
1907		1655		3338194		1790
1908		1655		3338350		1790
1909		1655		3338506		1790
1910		1655		3338662		1790
1911		1655		3338818		1790
1912		1655		3338974		1790
1913		1655		3339130		1790
1914		1655		3339286		1790
1915		1655		3339442		1790
1916		1655		3339598		1790
1917		1655		3339754		1790
1918		1655		3339910		1790
1919		1655		3340066		1790
1920		1655		3340222		1790
1921		1655		3340378		1790
1922		1655		3340534		1790
1923		1655		3340690		1790
1924		1655		3340846		1790
1925		1655		3341002		1790
1926		1654		3341159		1790
1927		1654		3341313		1790
1928		1654		3341467		1790
1929		1654		3341621		1790
1930		1654		3341775		1790
1931		1654		3341929		1790
1932		1654		3342083		1790
1933		1654		3342237		1790
1934		1654		3342391		1790
1935		1653		3342544		1791
1936		1652		3342697		1790
1937		1651		3342846		1790
1938		1651		3342994		1790
1939		1650		3343141		1791
1940		1650		3343287		1791
1941		1650		3343433		1791
1942		1650		3343579		1791
1943		1650		3343725		1791
1944		1649		3343870		1789
1945		1649		3344014		1789
1946		1649		3344158		1789
1947		1649		3344302		1789
1948		1649		3344446		1789
1949		1649		3344590		1789
1950		1649		3344734		1789
1951		1649		3344878		1789
1952		1649		3345022		1789
1953		1649		3345166		1789
1954		1649		3345310		1789
1955		1649		3345454		1789
1956		1649		3345598		1789
1957		1649		3345742		1789
1958		1649		3345886		1789
1959		1649		3346030		1789
1960		1649		3346174		1789
1961		1649		3346318		1789
1962		1649		3346462		1789
1963		1649		3346606		1789
1964		1649		3346750		1789
1965		1649		3346894		1789
1966		1649		3347038		1789
1967		1649		3347182		1789
1968		1649		3347326		1789
1969		1649		3347470		1789
1970		1649		3347614		1789
1971		1649		3347758		1789
1972		1649		3347902		1789
1973		1649		3348046		1789
1974		1649		3348190		1789
1975		1649		3348334		1789
1976		1649		3348478		1789
1977		1649		3348622		1789
1978		1649		3348766		1789
1979		1649		3348910		1789
1980		1649		3349054		1789
1981		1649		3349198		1789
1982		1649		3349342		1789
1983		1649		3349486		1789
1984		1649		3349630		1789
1985		1649		3349774		1789
1986		1649		3349918		1789
1987		1649		3350062		1789
1988		1649		3350206		1789
1989		1649		3350350		1789
1990		1649		3350494		1789
1991		1649		3350638		1789
1992		1649		3350782		1789
1993		1649		3350926		1789
1994		1649		3351070		1789
1995		1649		3351214		1789
1996		1649		3351358		1789
1997		1649		3351502		1789
1998		1649		3351646		1789
1999		1649		3351790		1789
