# Migration is number of nodes that have changed color.

Round		Edge-Cut		Swaps		Migrations		Skipped
0		5192		2395		1727
1		5229		4790		1580
2		4705		7185		1673
3		4225		9580		1723
4		3966		11974		1737
5		3911		14369		1676
6		3888		16764		1721
7		3879		19159		1711
8		3799		21554		1689
9		3780		23949		1705
10		3760		26343		1699
11		3749		28737		1714
12		3730		31132		1712
13		3689		33527		1690
14		3665		35920		1702
15		3656		38314		1727
16		3672		40707		1691
17		3627		43102		1695
18		3636		45495		1723
19		3622		47890		1708
20		3633		50284		1734
21		3634		52679		1727
22		3569		55072		1713
23		3583		57467		1723
24		3622		59862		1744
25		3609		62256		1717
26		3594		64651		1742
27		3566		67045		1755
28		3580		69440		1732
29		3621		71834		1738
30		3551		74229		1756
31		3513		76623		1726
32		3537		79018		1731
33		3596		81411		1748
34		3593		83802		1721
35		3575		86196		1743
36		3568		88590		1752
37		3612		90984		1738
38		3589		93379		1735
39		3511		95773		1738
40		3555		98168		1740
41		3501		100562		1759
42		3504		102956		1716
43		3510		105351		1734
44		3504		107745		1744
45		3506		110140		1727
46		3553		112535		1746
47		3523		114929		1738
48		3475		117322		1757
49		3450		119717		1716
50		3455		122109		1741
51		3474		124504		1751
52		3449		126898		1768
53		3421		129290		1745
54		3460		131683		1737
55		3450		134078		1722
56		3460		136472		1733
57		3461		138865		1752
58		3465		141260		1723
59		3379		143654		1740
60		3361		146048		1753
61		3421		148443		1768
62		3390		150837		1749
63		3388		153231		1762
64		3407		155625		1714
65		3365		158019		1734
66		3398		160411		1743
67		3382		162806		1718
68		3386		165200		1762
69		3351		167595		1761
70		3360		169989		1747
71		3357		172384		1727
72		3314		174778		1788
73		3317		177172		1723
74		3328		179565		1739
75		3351		181960		1749
76		3346		184355		1723
77		3305		186750		1738
78		3319		189145		1721
79		3318		191538		1753
80		3325		193933		1731
81		3341		196328		1744
82		3329		198720		1729
83		3292		201114		1745
84		3327		203508		1732
85		3309		205903		1734
86		3291		208298		1738
87		3260		210693		1730
88		3233		213087		1727
89		3264		215482		1717
90		3252		217874		1766
91		3285		220269		1728
92		3273		222663		1724
93		3293		225058		1739
94		3288		227453		1737
95		3310		229847		1726
96		3314		232241		1739
97		3284		234636		1735
98		3233		237029		1725
99		3290		239423		1733
100		3266		241817		1745
101		3272		244212		1750
102		3310		246606		1748
103		3275		248999		1747
104		3294		251393		1752
105		3269		253788		1770
106		3319		256182		1720
107		3309		258577		1733
108		3303		260972		1731
109		3304		263364		1746
110		3286		265759		1756
111		3242		268152		1758
112		3250		270545		1749
113		3239		272937		1736
114		3220		275331		1756
115		3253		277725		1744
116		3287		280118		1727
117		3299		282510		1757
118		3256		284905		1726
119		3310		287300		1743
120		3259		289695		1749
121		3229		292090		1725
122		3216		294482		1724
123		3274		296877		1740
124		3271		299269		1733
125		3238		301663		1751
126		3285		304058		1733
127		3254		306452		1741
128		3233		308846		1737
129		3210		311241		1769
130		3181		313634		1770
131		3188		316029		1732
132		3177		318423		1776
133		3219		320818		1757
134		3254		323211		1768
135		3208		325604		1767
136		3180		327999		1756
137		3208		330391		1743
138		3146		332786		1760
139		3154		335178		1746
140		3177		337572		1755
141		3135		339967		1743
142		3140		342362		1736
143		3198		344756		1731
144		3149		347151		1733
145		3154		349545		1732
146		3177		351940		1741
147		3194		354333		1757
148		3205		356727		1732
149		3126		359122		1723
150		3166		361517		1746
151		3130		363911		1723
152		3127		366306		1764
153		3172		368698		1743
154		3182		371092		1718
155		3186		373487		1739
156		3202		375882		1728
157		3144		378277		1740
158		3202		380671		1736
159		3153		383065		1757
160		3149		385459		1735
161		3191		387852		1732
162		3168		390246		1747
163		3180		392640		1740
164		3199		395035		1720
165		3182		397429		1722
166		3188		399822		1706
167		3220		402217		1738
168		3187		404612		1724
169		3178		407006		1724
170		3172		409399		1734
171		3201		411794		1730
172		3170		414189		1745
173		3148		416583		1735
174		3179		418976		1719
175		3185		421371		1751
176		3134		423765		1743
177		3111		426159		1761
178		3099		428551		1743
179		3110		430946		1733
180		3126		433341		1755
181		3083		435735		1749
182		3065		438129		1747
183		3101		440524		1736
184		3084		442919		1741
185		3094		445314		1738
186		3102		447709		1742
187		3090		450104		1759
188		3063		452498		1749
189		3079		454892		1748
190		3071		457287		1755
191		3098		459681		1735
192		3052		462075		1758
193		3080		464470		1722
194		3080		466865		1731
195		3066		469260		1738
196		3035		471654		1741
197		3003		474048		1749
198		3015		476443		1699
199		3019		478837		1725
200		3004		481231		1742
201		3029		483624		1728
202		3016		486019		1715
203		3053		488414		1720
204		3057		490808		1701
205		3052		493201		1738
206		3086		495595		1725
207		3027		497990		1743
208		3038		500384		1726
209		3011		502778		1725
210		3005		505172		1741
211		3088		507565		1729
212		3080		509960		1747
213		3095		512354		1743
214		3080		514749		1735
215		3049		517141		1754
216		3049		519533		1735
217		3035		521924		1750
218		3043		524317		1745
219		3040		526712		1760
220		3030		529107		1755
221		3047		531499		1747
222		3069		533892		1765
223		3121		536286		1755
224		3111		538680		1736
225		3136		541073		1737
226		3105		543466		1737
227		3097		545860		1755
228		3090		548255		1751
229		3125		550649		1751
230		3089		553043		1755
231		3089		555436		1750
232		3084		557831		1754
233		3078		560225		1762
234		3068		562618		1775
235		3032		565012		1756
236		3028		567407		1767
237		3047		569802		1773
238		3034		572197		1713
239		3038		574591		1758
240		3000		576985		1736
241		3064		579378		1741
242		3046		581772		1744
243		3086		584167		1761
244		3041		586560		1753
245		3053		588955		1790
246		3048		591348		1761
247		3073		593742		1769
248		3011		596135		1754
249		3028		598527		1765
250		3030		600920		1753
251		3014		603314		1778
252		3036		605707		1762
253		2993		608100		1764
254		3091		610495		1760
255		3023		612889		1795
256		3033		615284		1768
257		2981		617677		1771
258		3020		620070		1758
259		3038		622464		1786
260		3023		624856		1761
261		2994		627251		1759
262		2983		629645		1771
263		3014		632039		1765
264		2966		634434		1748
265		2962		636828		1759
266		2996		639223		1757
267		3027		641617		1771
268		2973		644009		1766
269		2971		646403		1775
270		2979		648798		1745
271		2940		651193		1778
272		2960		653587		1768
273		2998		655981		1788
274		3008		658374		1757
275		2971		660768		1776
276		2983		663163		1790
277		2939		665557		1774
278		2989		667951		1753
279		2949		670346		1773
280		2952		672740		1776
281		2985		675133		1755
282		3014		677527		1773
283		3002		679920		1774
284		3003		682313		1779
285		2978		684705		1777
286		2992		687100		1747
287		3017		689495		1748
288		2986		691890		1757
289		2931		694285		1752
290		2923		696679		1765
291		2951		699073		1781
292		2955		701466		1781
293		2961		703858		1771
294		2964		706252		1760
295		2966		708647		1783
296		2957		711040		1763
297		2986		713435		1753
298		2949		715829		1758
299		2984		718223		1751
300		2957		720618		1757
301		2950		723012		1737
302		2950		725404		1754
303		2955		727799		1747
304		2952		730193		1751
305		2955		732587		1771
306		2937		734982		1784
307		2950		737377		1761
308		2949		739769		1767
309		2937		742162		1773
310		2937		744555		1763
311		2944		746949		1761
312		2952		749341		1755
313		2942		751736		1775
314		2938		754131		1761
315		2956		756525		1750
316		2989		758920		1741
317		2958		761315		1774
318		3010		763709		1778
319		2980		766103		1763
320		2961		768497		1773
321		2992		770891		1763
322		2964		773286		1768
323		3025		775681		1782
324		2977		778076		1765
325		2934		780471		1783
326		2959		782866		1758
327		2948		785259		1780
328		2921		787653		1786
329		2946		790047		1762
330		2928		792441		1775
331		2945		794834		1780
332		2931		797229		1769
333		2944		799624		1766
334		2945		802017		1764
335		2896		804410		1757
336		2915		806803		1766
337		2951		809197		1777
338		2937		811592		1769
339		2920		813987		1762
340		2934		816381		1776
341		2938		818775		1785
342		2950		821169		1777
343		2912		823562		1758
344		2925		825956		1762
345		2908		828351		1775
346		2925		830746		1775
347		2896		833140		1784
348		2950		835534		1777
349		2902		837927		1749
350		2909		840321		1782
351		2947		842714		1781
352		2909		845108		1795
353		2920		847502		1766
354		2912		849894		1774
355		2933		852289		1767
356		2960		854683		1768
357		2928		857077		1765
358		2957		859472		1777
359		2885		861867		1759
360		2885		864261		1771
361		2892		866656		1762
362		2886		869049		1770
363		2911		871442		1777
364		2903		873837		1764
365		2887		876230		1768
366		2908		878624		1769
367		2915		881017		1779
368		2926		883411		1770
369		2918		885804		1756
370		2898		888198		1755
371		2930		890592		1755
372		2888		892985		1768
373		2914		895379		1764
374		2907		897774		1757
375		2929		900168		1762
376		2939		902561		1748
377		2876		904955		1751
378		2893		907350		1767
379		2869		909743		1761
380		2860		912136		1754
381		2879		914530		1781
382		2912		916924		1761
383		2894		919316		1768
384		2917		921709		1753
385		2899		924104		1755
386		2890		926498		1774
387		2917		928889		1763
388		2958		931284		1765
389		2889		933678		1752
390		2903		936072		1766
391		2894		938466		1765
392		2902		940860		1764
393		2921		943254		1775
394		2912		945648		1776
395		2933		948043		1767
396		2898		950437		1771
397		2891		952832		1776
398		2893		955225		1744
399		2872		957618		1754
400		2875		960012		1763
401		2875		962406		1771
402		2854		964801		1761
403		2840		967196		1758
404		2860		969589		1753
405		2844		971983		1756
406		2858		974378		1756
407		2855		976772		1776
408		2835		979165		1786
409		2822		981560		1762
410		2830		983955		1769
411		2816		986349		1768
412		2841		988743		1766
413		2842		991137		1759
414		2826		993528		1776
415		2824		995923		1769
416		2818		998316		1762
417		2820		1000711		1785
418		2835		1003105		1780
419		2830		1005499		1780
420		2819		1007893		1764
421		2814		1010287		1771
422		2826		1012682		1806
423		2797		1015075		1778
424		2815		1017469		1766
425		2818		1019862		1775
426		2820		1022257		1766
427		2798		1024651		1795
428		2799		1027046		1778
429		2813		1029440		1777
430		2811		1031835		1787
431		2818		1034225		1789
432		2815		1036618		1781
433		2805		1039010		1786
434		2790		1041403		1787
435		2828		1043794		1788
436		2811		1046187		1772
437		2789		1048581		1784
438		2793		1050974		1781
439		2803		1053369		1776
440		2786		1055762		1790
441		2774		1058157		1788
442		2805		1060551		1787
443		2823		1062945		1801
444		2789		1065340		1799
445		2798		1067733		1799
446		2769		1070128		1779
447		2761		1072523		1793
448		2748		1074915		1798
449		2761		1077309		1797
450		2747		1079703		1792
451		2743		1082096		1778
452		2763		1084490		1782
453		2762		1086884		1773
454		2759		1089278		1782
455		2766		1091673		1792
456		2761		1094067		1786
457		2753		1096460		1778
458		2763		1098853		1770
459		2761		1101248		1768
460		2771		1103642		1776
461		2760		1106037		1771
462		2749		1108431		1779
463		2751		1110825		1785
464		2761		1113220		1763
465		2740		1115615		1789
466		2737		1118008		1759
467		2741		1120402		1765
468		2738		1122796		1773
469		2715		1125190		1789
470		2744		1127585		1767
471		2740		1129979		1788
472		2747		1132373		1777
473		2749		1134766		1786
474		2726		1137161		1769
475		2728		1139554		1792
476		2726		1141946		1755
477		2728		1144340		1767
478		2755		1146734		1762
479		2729		1149125		1757
480		2722		1151519		1775
481		2739		1153914		1752
482		2746		1156308		1773
483		2719		1158700		1777
484		2701		1161093		1776
485		2698		1163488		1781
486		2688		1165883		1800
487		2703		1168278		1790
488		2716		1170670		1783
489		2712		1173064		1773
490		2715		1175458		1773
491		2705		1177851		1774
492		2707		1180244		1777
493		2688		1182639		1793
494		2693		1185034		1774
495		2690		1187428		1774
496		2675		1189819		1789
497		2666		1192214		1783
498		2687		1194609		1769
499		2683		1197003		1780
500		2688		1199397		1787
501		2703		1201791		1779
502		2688		1204182		1787
503		2689		1206577		1774
504		2678		1208972		1773
505		2689		1211366		1787
506		2696		1213761		1772
507		2694		1216156		1770
508		2696		1218550		1779
509		2691		1220944		1792
510		2681		1223337		1776
511		2668		1225729		1784
512		2664		1228124		1777
513		2685		1230517		1794
514		2675		1232911		1781
515		2668		1235305		1785
516		2678		1237699		1776
517		2647		1240092		1794
518		2664		1242486		1788
519		2669		1244879		1783
520		2684		1247273		1779
521		2675		1249668		1793
522		2674		1252061		1787
523		2705		1254455		1776
524		2692		1256850		1783
525		2700		1259245		1807
526		2693		1261640		1792
527		2699		1264035		1806
528		2703		1266430		1789
529		2704		1268824		1782
530		2717		1271219		1782
531		2706		1273611		1792
532		2691		1276004		1792
533		2710		1278399		1801
534		2709		1280793		1796
535		2689		1283186		1787
536		2701		1285578		1783
537		2681		1287972		1793
538		2691		1290366		1784
539		2689		1292761		1803
540		2688		1295156		1796
541		2708		1297549		1806
542		2687		1299944		1788
543		2706		1302339		1794
544		2709		1304733		1791
545		2711		1307126		1809
546		2706		1309519		1797
547		2716		1311910		1789
548		2699		1314303		1796
549		2705		1316698		1793
550		2706		1319092		1799
551		2709		1321484		1782
552		2680		1323878		1789
553		2674		1326269		1786
554		2679		1328663		1806
555		2688		1331057		1792
556		2695		1333449		1780
557		2664		1335844		1774
558		2673		1338238		1782
559		2681		1340633		1780
560		2657		1343026		1788
561		2679		1345420		1781
562		2680		1347814		1799
563		2657		1350207		1795
564		2663		1352600		1777
565		2649		1354993		1787
566		2643		1357387		1791
567		2664		1359780		1791
568		2670		1362174		1772
569		2656		1364567		1778
570		2672		1366962		1782
571		2667		1369355		1785
572		2647		1371749		1782
573		2643		1374141		1783
574		2648		1376533		1785
575		2645		1378928		1788
576		2639		1381321		1798
577		2653		1383716		1790
578		2635		1386111		1790
579		2662		1388504		1784
580		2650		1390897		1786
581		2637		1393292		1796
582		2641		1395687		1783
583		2628		1398082		1783
584		2619		1400476		1786
585		2630		1402870		1796
586		2638		1405261		1788
587		2630		1407656		1794
588		2646		1410051		1774
589		2634		1412444		1792
590		2607		1414838		1795
591		2644		1417229		1794
592		2620		1419623		1792
593		2632		1422016		1796
594		2622		1424411		1788
595		2617		1426803		1794
596		2621		1429197		1785
597		2631		1431592		1791
598		2644		1433986		1801
599		2644		1436380		1800
600		2644		1438775		1797
601		2652		1441169		1794
602		2631		1443564		1794
603		2638		1445958		1799
604		2645		1448352		1778
605		2646		1450746		1808
606		2641		1453141		1792
607		2638		1455534		1804
608		2661		1457928		1808
609		2659		1460322		1790
610		2644		1462716		1787
611		2646		1465111		1805
612		2650		1467504		1797
613		2646		1469899		1785
614		2665		1472293		1791
615		2623		1474686		1784
616		2631		1477080		1800
617		2636		1479474		1782
618		2636		1481865		1773
619		2619		1484257		1779
620		2635		1486651		1781
621		2648		1489046		1793
622		2638		1491441		1786
623		2629		1493835		1787
624		2632		1496230		1779
625		2637		1498622		1789
626		2627		1501016		1789
627		2624		1503408		1776
628		2629		1505803		1789
629		2626		1508195		1779
630		2616		1510589		1786
631		2600		1512984		1776
632		2606		1515376		1777
633		2615		1517771		1774
634		2599		1520165		1773
635		2592		1522560		1776
636		2617		1524954		1772
637		2601		1527348		1779
638		2599		1529739		1778
639		2599		1532133		1754
640		2604		1534527		1773
641		2622		1536921		1777
642		2612		1539316		1770
643		2615		1541710		1777
644		2607		1544105		1778
645		2589		1546500		1774
646		2602		1548894		1771
647		2600		1551289		1774
648		2603		1553682		1768
649		2604		1556075		1779
650		2609		1558469		1776
651		2612		1560861		1778
652		2608		1563255		1771
653		2600		1565649		1777
654		2593		1568043		1780
655		2587		1570438		1793
656		2597		1572832		1787
657		2598		1575226		1779
658		2591		1577619		1782
659		2595		1580013		1773
660		2599		1582407		1771
661		2583		1584800		1765
662		2589		1587194		1773
663		2580		1589587		1777
664		2586		1591980		1771
665		2591		1594375		1773
666		2593		1596769		1773
667		2578		1599163		1791
668		2600		1601557		1787
669		2590		1603950		1786
670		2579		1606345		1786
671		2579		1608738		1788
672		2560		1611129		1789
673		2549		1613523		1782
674		2558		1615915		1782
675		2565		1618310		1788
676		2557		1620705		1781
677		2550		1623099		1787
678		2561		1625492		1788
679		2533		1627885		1796
680		2562		1630278		1798
681		2554		1632672		1788
682		2549		1635067		1777
683		2548		1637459		1787
684		2543		1639850		1787
685		2534		1642242		1793
686		2539		1644635		1798
687		2517		1647028		1792
688		2533		1649421		1786
689		2516		1651815		1788
690		2548		1654209		1804
691		2525		1656600		1793
692		2546		1658995		1790
693		2542		1661388		1790
694		2550		1663781		1794
695		2533		1666175		1796
696		2559		1668568		1800
697		2551		1670961		1788
698		2556		1673353		1789
699		2544		1675746		1789
700		2555		1678139		1780
701		2549		1680534		1803
702		2561		1682926		1788
703		2550		1685319		1790
704		2553		1687713		1793
705		2521		1690107		1793
706		2540		1692500		1786
707		2537		1694892		1783
708		2541		1697286		1778
709		2531		1699681		1785
710		2554		1702076		1797
711		2544		1704469		1791
712		2542		1706863		1787
713		2529		1709258		1789
714		2535		1711652		1790
715		2530		1714045		1789
716		2546		1716439		1791
717		2536		1718832		1778
718		2533		1721226		1775
719		2525		1723621		1772
720		2524		1726016		1773
721		2519		1728409		1775
722		2523		1730803		1786
723		2524		1733195		1771
724		2509		1735588		1775
725		2514		1737980		1791
726		2505		1740373		1776
727		2489		1742765		1774
728		2508		1745160		1770
729		2503		1747553		1782
730		2534		1749947		1774
731		2506		1752339		1785
732		2510		1754733		1783
733		2496		1757125		1779
734		2500		1759520		1787
735		2498		1761912		1794
736		2501		1764307		1789
737		2501		1766701		1796
738		2510		1769094		1793
739		2494		1771488		1781
740		2517		1773882		1803
741		2512		1776277		1790
742		2502		1778670		1793
743		2504		1781064		1794
744		2526		1783454		1794
745		2514		1785845		1790
746		2533		1788240		1799
747		2515		1790634		1794
748		2519		1793027		1793
749		2516		1795421		1798
750		2525		1797816		1793
751		2509		1800210		1787
752		2506		1802605		1792
753		2496		1804998		1790
754		2481		1807389		1784
755		2487		1809784		1805
756		2483		1812178		1796
757		2466		1814572		1793
758		2483		1816965		1787
759		2485		1819359		1775
760		2491		1821752		1795
761		2474		1824145		1806
762		2484		1826540		1791
763		2472		1828933		1789
764		2482		1831327		1796
765		2473		1833721		1790
766		2483		1836115		1792
767		2463		1838510		1795
768		2475		1840904		1783
769		2470		1843297		1788
770		2482		1845691		1790
771		2469		1848086		1779
772		2473		1850478		1793
773		2478		1852872		1801
774		2488		1855266		1802
775		2471		1857660		1795
776		2478		1860052		1812
777		2463		1862446		1785
778		2460		1864840		1794
779		2450		1867233		1803
780		2466		1869628		1792
781		2452		1872022		1782
782		2456		1874417		1805
783		2462		1876812		1796
784		2458		1879206		1800
785		2456		1881600		1795
786		2464		1883992		1798
787		2455		1886387		1781
788		2463		1888780		1805
789		2466		1891175		1790
790		2463		1893570		1784
791		2466		1895965		1803
792		2465		1898358		1787
793		2450		1900751		1791
794		2466		1903145		1808
795		2460		1905539		1794
796		2468		1907934		1796
797		2464		1910325		1810
798		2460		1912719		1800
799		2449		1915113		1794
800		2465		1917508		1813
801		2454		1919902		1811
802		2459		1922297		1799
803		2452		1924691		1801
804		2457		1927085		1798
805		2451		1929480		1796
806		2454		1931875		1800
807		2457		1934270		1797
808		2454		1936662		1794
809		2455		1939055		1792
810		2451		1941449		1795
811		2436		1943843		1783
812		2439		1946236		1795
813		2445		1948631		1783
814		2448		1951022		1790
815		2440		1953414		1798
816		2448		1955808		1795
817		2439		1958202		1788
818		2443		1960595		1798
819		2440		1962987		1790
820		2452		1965381		1788
821		2449		1967774		1803
822		2448		1970169		1785
823		2443		1972564		1786
824		2457		1974956		1800
825		2460		1977348		1794
826		2449		1979741		1800
827		2446		1982135		1811
828		2449		1984530		1802
829		2444		1986923		1794
830		2439		1989317		1803
831		2448		1991712		1795
832		2442		1994106		1798
833		2435		1996501		1800
834		2444		1998895		1801
835		2449		2001289		1807
836		2445		2003683		1808
837		2445		2006075		1799
838		2449		2008469		1799
839		2449		2010864		1802
840		2441		2013259		1789
841		2432		2015651		1794
842		2437		2018045		1800
843		2431		2020437		1796
844		2442		2022831		1798
845		2440		2025223		1808
846		2447		2027616		1799
847		2458		2030011		1783
848		2436		2032406		1794
849		2443		2034800		1795
850		2453		2037193		1804
851		2441		2039588		1804
852		2444		2041982		1798
853		2438		2044375		1786
854		2428		2046767		1799
855		2435		2049160		1803
856		2437		2051553		1800
857		2435		2053947		1796
858		2444		2056340		1809
859		2436		2058734		1792
860		2440		2061127		1813
861		2431		2063521		1794
862		2432		2065916		1795
863		2418		2068309		1809
864		2434		2070704		1791
865		2430		2073099		1787
866		2434		2075493		1815
867		2430		2077888		1794
868		2444		2080281		1790
869		2428		2082675		1799
870		2428		2085070		1793
871		2432		2087463		1796
872		2443		2089856		1792
873		2435		2092249		1788
874		2441		2094642		1791
875		2430		2097035		1798
876		2434		2099429		1795
877		2423		2101823		1796
878		2436		2104216		1805
879		2420		2106610		1790
880		2420		2109004		1799
881		2428		2111399		1801
882		2439		2113791		1799
883		2435		2116184		1798
884		2429		2118578		1803
885		2412		2120971		1793
886		2425		2123366		1795
887		2408		2125761		1800
888		2417		2128156		1790
889		2409		2130549		1780
890		2414		2132943		1797
891		2416		2135337		1793
892		2419		2137732		1793
893		2426		2140125		1790
894		2417		2142518		1797
895		2407		2144913		1793
896		2406		2147307		1803
897		2408		2149700		1788
898		2404		2152093		1786
899		2402		2154485		1800
900		2414		2156878		1804
901		2407		2159271		1791
902		2405		2161665		1805
903		2407		2164059		1789
904		2400		2166452		1793
905		2397		2168844		1804
906		2397		2171239		1791
907		2389		2173632		1789
908		2391		2176025		1799
909		2381		2178419		1788
910		2401		2180813		1798
911		2391		2183207		1796
912		2391		2185599		1792
913		2386		2187994		1788
914		2383		2190388		1797
915		2391		2192783		1793
916		2395		2195175		1786
917		2378		2197568		1790
918		2390		2199961		1799
919		2388		2202354		1783
920		2388		2204747		1793
921		2389		2207142		1785
922		2388		2209537		1787
923		2387		2211930		1793
924		2392		2214324		1786
925		2391		2216718		1787
926		2397		2219112		1800
927		2395		2221506		1784
928		2403		2223900		1798
929		2396		2226294		1793
930		2410		2228688		1791
931		2405		2231082		1785
932		2401		2233477		1796
933		2400		2235871		1789
934		2400		2238265		1789
935		2406		2240659		1791
936		2408		2243051		1785
937		2395		2245445		1782
938		2401		2247840		1798
939		2404		2250233		1793
940		2410		2252623		1789
941		2393		2255016		1793
942		2398		2257411		1792
943		2395		2259805		1788
944		2393		2262200		1801
945		2397		2264593		1796
946		2403		2266987		1797
947		2393		2269382		1789
948		2402		2271775		1797
949		2385		2274168		1788
950		2390		2276563		1804
951		2391		2278955		1795
952		2396		2281348		1789
953		2387		2283740		1792
954		2385		2286133		1795
955		2395		2288527		1789
956		2388		2290921		1800
957		2382		2293314		1788
958		2379		2295707		1796
959		2372		2298100		1797
960		2384		2300494		1791
961		2368		2302888		1794
962		2381		2305281		1800
963		2373		2307676		1795
964		2370		2310070		1798
965		2372		2312463		1804
966		2375		2314858		1798
967		2372		2317253		1793
968		2380		2319648		1802
969		2374		2322040		1793
970		2385		2324432		1791
971		2366		2326824		1798
972		2376		2329217		1797
973		2379		2331610		1792
974		2369		2334004		1805
975		2377		2336396		1803
976		2372		2338788		1802
977		2366		2341183		1799
978		2387		2343577		1794
979		2377		2345970		1797
980		2388		2348363		1801
981		2373		2350758		1795
982		2378		2353151		1796
983		2364		2355545		1799
984		2365		2357940		1794
985		2365		2360334		1792
986		2366		2362728		1798
987		2362		2365122		1786
988		2367		2367515		1795
989		2349		2369909		1797
990		2379		2372302		1798
991		2362		2374697		1798
992		2365		2377092		1803
993		2363		2379485		1795
994		2358		2381877		1805
995		2365		2384271		1801
996		2370		2386664		1797
997		2357		2389059		1790
998		2363		2391453		1804
999		2356		2393847		1792
1000		2376		2396240		1792
1001		2357		2398632		1800
1002		2359		2401023		1796
1003		2357		2403418		1793
1004		2354		2405810		1809
1005		2358		2408203		1799
1006		2352		2410596		1801
1007		2353		2412988		1801
1008		2362		2415382		1802
1009		2347		2417776		1796
1010		2362		2420170		1806
1011		2354		2422563		1798
1012		2356		2424956		1797
1013		2354		2427351		1802
1014		2360		2429745		1802
1015		2363		2432139		1796
1016		2364		2434534		1803
1017		2351		2436929		1791
1018		2359		2439323		1798
1019		2345		2441716		1802
1020		2368		2444110		1797
1021		2356		2446505		1797
1022		2362		2448898		1809
1023		2363		2451292		1802
1024		2354		2453687		1802
1025		2357		2456080		1807
1026		2359		2458475		1801
1027		2353		2460869		1788
1028		2358		2463262		1806
1029		2353		2465656		1794
1030		2359		2468049		1803
1031		2344		2470444		1803
1032		2353		2472838		1798
1033		2353		2475232		1794
1034		2347		2477626		1804
1035		2359		2480020		1793
1036		2350		2482414		1799
1037		2344		2484807		1797
1038		2353		2487202		1801
1039		2338		2489597		1792
1040		2352		2491991		1805
1041		2345		2494385		1796
1042		2342		2496779		1799
1043		2341		2499174		1801
1044		2344		2501569		1799
1045		2349		2503964		1796
1046		2342		2506357		1804
1047		2341		2508752		1794
1048		2349		2511146		1798
1049		2334		2513540		1799
1050		2351		2515932		1800
1051		2335		2518324		1797
1052		2347		2520717		1806
1053		2347		2523111		1795
1054		2339		2525504		1805
1055		2347		2527896		1803
1056		2350		2530288		1800
1057		2335		2532682		1793
1058		2343		2535076		1806
1059		2338		2537469		1796
1060		2347		2539863		1799
1061		2336		2542258		1805
1062		2348		2544652		1804
1063		2347		2547047		1798
1064		2343		2549441		1804
1065		2351		2551836		1798
1066		2347		2554229		1801
1067		2343		2556623		1801
1068		2356		2559017		1796
1069		2338		2561411		1794
1070		2356		2563802		1806
1071		2344		2566195		1801
1072		2341		2568589		1800
1073		2345		2570984		1801
1074		2344		2573378		1806
1075		2351		2575772		1797
1076		2343		2578166		1803
1077		2339		2580560		1791
1078		2349		2582952		1799
1079		2329		2585347		1800
1080		2353		2587741		1799
1081		2342		2590134		1795
1082		2347		2592529		1803
1083		2348		2594921		1797
1084		2344		2597314		1800
1085		2347		2599708		1800
1086		2349		2602100		1799
1087		2348		2604494		1790
1088		2348		2606887		1809
1089		2343		2609281		1797
1090		2352		2611675		1799
1091		2341		2614070		1804
1092		2346		2616464		1803
1093		2347		2618858		1799
1094		2340		2621253		1809
1095		2351		2623646		1804
1096		2346		2626041		1807
1097		2343		2628434		1804
1098		2350		2630829		1803
1099		2336		2633222		1801
1100		2350		2635615		1812
1101		2340		2638008		1800
1102		2337		2640402		1800
1103		2338		2642796		1803
1104		2332		2645188		1804
1105		2341		2647580		1800
1106		2335		2649974		1806
1107		2334		2652366		1794
1108		2344		2654759		1799
1109		2331		2657152		1801
1110		2351		2659546		1796
1111		2337		2661940		1792
1112		2337		2664333		1800
1113		2335		2666727		1795
1114		2332		2669120		1801
1115		2337		2671514		1797
1116		2333		2673908		1796
1117		2329		2676300		1795
1118		2334		2678695		1807
1119		2327		2681090		1793
1120		2341		2683482		1794
1121		2324		2685875		1803
1122		2335		2688268		1801
1123		2337		2690662		1798
1124		2327		2693055		1810
1125		2334		2695450		1800
1126		2332		2697844		1799
1127		2325		2700238		1798
1128		2337		2702633		1803
1129		2322		2705028		1795
1130		2340		2707422		1809
1131		2328		2709816		1798
1132		2330		2712210		1799
1133		2323		2714602		1805
1134		2333		2716994		1804
1135		2333		2719389		1801
1136		2329		2721783		1804
1137		2325		2724178		1795
1138		2336		2726572		1802
1139		2323		2728966		1805
1140		2340		2731360		1803
1141		2326		2733755		1796
1142		2330		2736149		1806
1143		2329		2738541		1798
1144		2327		2740935		1803
1145		2324		2743330		1805
1146		2333		2745723		1804
1147		2323		2748116		1793
1148		2328		2750510		1807
1149		2322		2752904		1796
1150		2335		2755296		1800
1151		2317		2757691		1804
1152		2330		2760086		1801
1153		2325		2762479		1796
1154		2324		2764873		1806
1155		2329		2767268		1799
1156		2325		2769661		1800
1157		2318		2772054		1799
1158		2330		2774447		1803
1159		2316		2776840		1795
1160		2328		2779235		1804
1161		2320		2781629		1799
1162		2322		2784021		1798
1163		2320		2786414		1803
1164		2325		2788807		1803
1165		2328		2791202		1795
1166		2324		2793596		1806
1167		2320		2795991		1795
1168		2326		2798384		1797
1169		2312		2800778		1801
1170		2329		2803173		1800
1171		2313		2805568		1793
1172		2321		2807963		1803
1173		2319		2810358		1795
1174		2317		2812751		1799
1175		2321		2815144		1801
1176		2321		2817535		1802
1177		2315		2819929		1790
1178		2326		2822322		1803
1179		2316		2824716		1795
1180		2326		2827111		1799
1181		2312		2829506		1801
1182		2319		2831899		1801
1183		2324		2834292		1794
1184		2313		2836687		1806
1185		2328		2839082		1798
1186		2319		2841476		1801
1187		2312		2843867		1798
1188		2324		2846262		1799
1189		2309		2848657		1798
1190		2324		2851050		1803
1191		2319		2853443		1801
1192		2319		2855838		1798
1193		2318		2858232		1803
1194		2315		2860627		1804
1195		2326		2863021		1800
1196		2318		2865415		1810
1197		2314		2867809		1798
1198		2327		2870202		1796
1199		2308		2872596		1802
1200		2332		2874990		1801
1201		2316		2877382		1798
1202		2318		2879775		1805
1203		2321		2882170		1800
1204		2320		2884563		1803
1205		2318		2886957		1803
1206		2321		2889351		1803
1207		2314		2891745		1791
1208		2323		2894138		1806
1209		2311		2896533		1800
1210		2325		2898927		1797
1211		2309		2901322		1803
1212		2315		2903717		1799
1213		2321		2906112		1796
1214		2314		2908504		1807
1215		2323		2910898		1796
1216		2319		2913292		1800
1217		2311		2915686		1801
1218		2325		2918081		1798
1219		2314		2920476		1792
1220		2324		2922870		1800
1221		2314		2925264		1800
1222		2319		2927659		1800
1223		2317		2930053		1804
1224		2314		2932445		1804
1225		2325		2934837		1794
1226		2314		2937230		1804
1227		2313		2939623		1793
1228		2323		2942016		1796
1229		2308		2944410		1798
1230		2329		2946803		1799
1231		2314		2949197		1799
1232		2316		2951591		1801
1233		2319		2953986		1796
1234		2314		2956380		1803
1235		2318		2958775		1804
1236		2322		2961168		1802
1237		2316		2963562		1794
1238		2322		2965956		1803
1239		2312		2968350		1794
1240		2333		2970744		1796
1241		2313		2973139		1804
1242		2319		2975534		1804
1243		2320		2977926		1797
1244		2315		2980320		1811
1245		2321		2982713		1801
1246		2314		2985108		1801
1247		2306		2987499		1797
1248		2320		2989891		1803
1249		2307		2992282		1795
1250		2326		2994677		1806
1251		2315		2997070		1799
1252		2316		2999464		1801
1253		2315		3001855		1802
1254		2314		3004249		1804
1255		2320		3006642		1796
1256		2316		3009037		1806
1257		2310		3011430		1791
1258		2324		3013822		1799
1259		2306		3016216		1800
1260		2324		3018610		1798
1261		2316		3021003		1796
1262		2313		3023396		1808
1263		2315		3025787		1800
1264		2313		3028181		1807
1265		2315		3030575		1805
1266		2317		3032967		1807
1267		2310		3035357		1795
1268		2321		3037751		1805
1269		2307		3040146		1794
1270		2324		3042539		1797
1271		2304		3044934		1801
1272		2315		3047324		1802
1273		2317		3049718		1797
1274		2310		3052112		1812
1275		2317		3054507		1801
1276		2311		3056900		1805
1277		2304		3059293		1803
1278		2320		3061688		1801
1279		2307		3064083		1797
1280		2322		3066475		1809
1281		2308		3068866		1801
1282		2312		3071257		1802
1283		2310		3073652		1803
1284		2308		3076043		1806
1285		2315		3078436		1796
1286		2314		3080829		1809
1287		2308		3083223		1796
1288		2319		3085617		1803
1289		2300		3088009		1804
1290		2321		3090404		1803
1291		2313		3092797		1799
1292		2314		3095190		1810
1293		2314		3097584		1802
1294		2310		3099978		1807
1295		2314		3102371		1804
1296		2312		3104766		1805
1297		2309		3107160		1793
1298		2315		3109554		1802
1299		2303		3111949		1795
1300		2320		3114344		1798
1301		2302		3116737		1803
1302		2316		3119130		1804
1303		2316		3121525		1798
1304		2310		3123917		1809
1305		2318		3126310		1800
1306		2313		3128703		1804
1307		2306		3131098		1800
1308		2318		3133492		1801
1309		2308		3135887		1797
1310		2321		3138281		1805
1311		2307		3140676		1801
1312		2311		3143070		1801
1313		2311		3145462		1801
1314		2306		3147856		1802
1315		2315		3150251		1797
1316		2309		3152646		1808
1317		2310		3155040		1795
1318		2317		3157433		1801
1319		2300		3159826		1801
1320		2318		3162220		1799
1321		2309		3164614		1794
1322		2309		3167007		1807
1323		2309		3169401		1797
1324		2306		3171795		1805
1325		2315		3174190		1803
1326		2313		3176583		1804
1327		2307		3178978		1793
1328		2320		3181373		1808
1329		2306		3183768		1801
1330		2323		3186163		1801
1331		2305		3188556		1803
1332		2309		3190947		1799
1333		2313		3193338		1795
1334		2269		3193995		1799
1335		2243		3194620		1795
1336		2224		3195239		1799
1337		2202		3195842		1792
1338		2195		3196444		1801
1339		2183		3197043		1798
1340		2178		3197636		1798
1341		2178		3198228		1794
1342		2180		3198816		1799
1343		2176		3199408		1798
1344		2177		3199997		1799
1345		2170		3200584		1802
1346		2170		3201168		1801
1347		2168		3201752		1803
1348		2169		3202339		1803
1349		2165		3202925		1803
1350		2163		3203512		1807
1351		2161		3204098		1803
1352		2160		3204680		1805
1353		2159		3205260		1805
1354		2157		3205840		1807
1355		2155		3206411		1806
1356		2153		3206984		1804
1357		2150		3207553		1805
1358		2148		3208115		1803
1359		2145		3208674		1801
1360		2145		3209230		1802
1361		2144		3209784		1803
1362		2141		3210333		1803
1363		2138		3210876		1804
1364		2136		3211416		1803
1365		2136		3211952		1804
1366		2139		3212490		1804
1367		2138		3213030		1804
1368		2139		3213571		1803
1369		2134		3214110		1803
1370		2132		3214646		1802
1371		2129		3215182		1798
1372		2126		3215707		1799
1373		2124		3216231		1799
1374		2124		3216753		1799
1375		2123		3217273		1799
1376		2119		3217787		1798
1377		2118		3218300		1799
1378		2115		3218811		1797
1379		2114		3219316		1798
1380		2112		3219818		1799
1381		2110		3220318		1800
1382		2110		3220816		1800
1383		2107		3221311		1801
1384		2106		3221802		1800
1385		2104		3222292		1801
1386		2103		3222777		1802
1387		2100		3223260		1803
1388		2100		3223740		1803
1389		2097		3224217		1803
1390		2095		3224689		1803
1391		2094		3225160		1804
1392		2094		3225628		1804
1393		2093		3226097		1803
1394		2093		3226563		1803
1395		2092		3227028		1803
1396		2091		3227491		1804
1397		2090		3227952		1803
1398		2089		3228413		1804
1399		2085		3228867		1803
1400		2085		3229317		1803
1401		2084		3229766		1802
1402		2080		3230214		1802
1403		2076		3230650		1803
1404		2076		3231082		1803
1405		2075		3231513		1803
1406		2072		3231943		1804
1407		2070		3232371		1803
1408		2069		3232794		1803
1409		2068		3233215		1803
1410		2065		3233632		1805
1411		2064		3234047		1803
1412		2063		3234460		1804
1413		2062		3234871		1803
1414		2059		3235276		1804
1415		2057		3235676		1804
1416		2055		3236072		1803
1417		2055		3236469		1802
1418		2053		3236864		1802
1419		2052		3237254		1802
1420		2051		3237643		1801
1421		2050		3238030		1802
1422		2050		3238416		1802
1423		2048		3238800		1802
1424		2047		3239181		1802
1425		2045		3239561		1802
1426		2044		3239938		1801
1427		2043		3240311		1802
1428		2043		3240683		1802
1429		2040		3241056		1802
1430		2040		3241426		1801
1431		2040		3241794		1801
1432		2037		3242163		1802
1433		2038		3242527		1801
1434		2036		3242891		1800
1435		2036		3243253		1800
1436		2034		3243615		1799
1437		2034		3243973		1799
1438		2034		3244331		1799
1439		2033		3244690		1800
1440		2033		3245046		1800
1441		2032		3245401		1799
1442		2031		3245754		1798
1443		2031		3246106		1798
1444		2031		3246458		1798
1445		2031		3246810		1798
1446		2031		3247162		1798
1447		2031		3247514		1798
1448		2030		3247865		1798
1449		2030		3248215		1798
1450		2030		3248565		1798
1451		2029		3248914		1799
1452		2029		3249262		1799
1453		2029		3249610		1799
1454		2028		3249957		1800
1455		2028		3250303		1800
1456		2028		3250649		1800
1457		2027		3250994		1801
1458		2026		3251337		1801
1459		2025		3251678		1802
1460		2025		3252018		1802
1461		2025		3252358		1802
1462		2025		3252698		1802
1463		2024		3253039		1801
1464		2023		3253376		1799
1465		2021		3253712		1799
1466		2020		3254043		1798
1467		2019		3254374		1798
1468		2018		3254703		1800
1469		2017		3255032		1802
1470		2015		3255356		1803
1471		2021		3255686		1803
1472		2019		3256016		1805
1473		2020		3256345		1805
1474		2019		3256674		1805
1475		2020		3257003		1805
1476		2022		3257335		1806
1477		2022		3257670		1806
1478		2020		3258001		1805
1479		2021		3258333		1802
1480		2021		3258669		1803
1481		2019		3259004		1804
1482		2019		3259341		1805
1483		2019		3259677		1805
1484		2017		3260013		1807
1485		2017		3260346		1807
1486		2017		3260680		1807
1487		2016		3261013		1806
1488		2014		3261345		1807
1489		2013		3261674		1807
1490		2012		3262001		1808
1491		2011		3262328		1807
1492		2011		3262652		1807
1493		2010		3262977		1806
1494		2010		3263301		1806
1495		2010		3263625		1806
1496		2009		3263948		1806
1497		2009		3264270		1806
1498		2008		3264591		1805
1499		2008		3264911		1805
1500		2008		3265231		1805
1501		2008		3265551		1805
1502		2008		3265871		1805
1503		2008		3266191		1805
1504		2007		3266512		1803
1505		2005		3266828		1803
1506		2005		3267142		1803
1507		2004		3267457		1804
1508		2004		3267769		1804
1509		2004		3268081		1804
1510		2003		3268392		1804
1511		2003		3268702		1804
1512		2002		3269011		1803
1513		2002		3269319		1803
1514		2001		3269626		1803
1515		2000		3269933		1803
1516		2000		3270237		1803
1517		1999		3270544		1803
1518		1999		3270846		1803
1519		1997		3271147		1804
1520		1995		3271447		1802
1521		1995		3271743		1802
1522		1993		3272037		1801
1523		1993		3272329		1801
1524		1992		3272622		1801
1525		1992		3272912		1801
1526		1992		3273202		1801
1527		1992		3273492		1801
1528		1990		3273780		1800
1529		1989		3274069		1801
1530		1989		3274355		1801
1531		1989		3274641		1801
1532		1989		3274927		1801
1533		1989		3275213		1801
1534		1989		3275499		1801
1535		1986		3275787		1799
1536		1986		3276075		1800
1537		1984		3276361		1799
1538		1982		3276645		1798
1539		1982		3276927		1798
1540		1981		3277208		1798
1541		1980		3277487		1799
1542		1979		3277766		1800
1543		1979		3278042		1800
1544		1978		3278317		1799
1545		1978		3278591		1799
1546		1977		3278866		1799
1547		1977		3279138		1799
1548		1977		3279410		1799
1549		1977		3279682		1799
1550		1977		3279954		1799
1551		1977		3280226		1799
1552		1977		3280498		1799
1553		1977		3280770		1799
1554		1977		3281042		1799
1555		1977		3281314		1799
1556		1976		3281585		1801
1557		1976		3281855		1801
1558		1976		3282125		1801
1559		1976		3282395		1801
1560		1976		3282665		1801
1561		1976		3282935		1801
1562		1975		3283204		1801
1563		1975		3283472		1801
1564		1974		3283739		1801
1565		1974		3284005		1801
1566		1974		3284271		1801
1567		1973		3284536		1800
1568		1973		3284800		1800
1569		1973		3285064		1800
1570		1972		3285327		1800
1571		1972		3285589		1800
1572		1971		3285852		1801
1573		1970		3286113		1803
1574		1970		3286373		1803
1575		1969		3286634		1804
1576		1968		3286893		1804
1577		1968		3287151		1804
1578		1968		3287409		1804
1579		1968		3287667		1804
1580		1967		3287924		1802
1581		1967		3288180		1802
1582		1967		3288436		1802
1583		1967		3288692		1802
1584		1967		3288948		1802
1585		1967		3289204		1802
1586		1967		3289460		1802
1587		1967		3289716		1802
1588		1967		3289972		1802
1589		1967		3290228		1802
1590		1967		3290484		1802
1591		1967		3290740		1802
1592		1967		3290996		1802
1593		1967		3291252		1802
1594		1967		3291508		1802
1595		1967		3291764		1802
1596		1967		3292020		1802
1597		1967		3292276		1802
1598		1967		3292532		1802
1599		1967		3292788		1802
1600		1967		3293044		1802
1601		1967		3293300		1802
1602		1967		3293556		1802
1603		1967		3293812		1802
1604		1967		3294068		1802
1605		1967		3294324		1802
1606		1967		3294580		1802
1607		1967		3294836		1802
1608		1967		3295092		1802
1609		1967		3295348		1802
1610		1967		3295604		1802
1611		1966		3295859		1801
1612		1966		3296113		1801
1613		1966		3296367		1801
1614		1966		3296621		1801
1615		1965		3296874		1802
1616		1965		3297126		1802
1617		1965		3297378		1802
1618		1965		3297630		1802
1619		1965		3297882		1802
1620		1964		3298133		1803
1621		1964		3298383		1803
1622		1963		3298634		1804
1623		1962		3298881		1802
1624		1961		3299126		1802
1625		1961		3299370		1802
1626		1960		3299613		1801
1627		1960		3299855		1801
1628		1959		3300096		1802
1629		1959		3300336		1802
1630		1957		3300576		1802
1631		1956		3300811		1801
1632		1956		3301045		1801
1633		1955		3301280		1801
1634		1955		3301512		1801
1635		1954		3301743		1801
1636		1954		3301973		1801
1637		1953		3302204		1799
1638		1953		3302432		1799
1639		1953		3302660		1799
1640		1953		3302888		1799
1641		1953		3303116		1799
1642		1952		3303343		1799
1643		1952		3303569		1799
1644		1952		3303795		1799
1645		1952		3304021		1799
1646		1952		3304247		1799
1647		1952		3304473		1799
1648		1952		3304699		1799
1649		1952		3304925		1799
1650		1952		3305151		1799
1651		1952		3305377		1799
1652		1952		3305603		1799
1653		1952		3305829		1799
1654		1952		3306055		1799
1655		1952		3306281		1799
1656		1952		3306507		1799
1657		1951		3306732		1800
1658		1950		3306957		1799
1659		1950		3307179		1799
1660		1949		3307402		1799
1661		1948		3307623		1801
1662		1948		3307843		1801
1663		1947		3308064		1801
1664		1947		3308282		1801
1665		1947		3308500		1801
1666		1947		3308718		1801
1667		1947		3308936		1801
1668		1947		3309154		1801
1669		1946		3309373		1802
1670		1946		3309589		1802
1671		1946		3309805		1802
1672		1945		3310020		1801
1673		1945		3310234		1801
1674		1944		3310449		1799
1675		1943		3310660		1800
1676		1942		3310869		1800
1677		1942		3311077		1800
1678		1942		3311285		1800
1679		1942		3311493		1800
1680		1941		3311700		1801
1681		1940		3311905		1801
1682		1940		3312109		1801
1683		1940		3312313		1801
1684		1939		3312516		1802
1685		1939		3312718		1802
1686		1939		3312920		1802
1687		1939		3313122		1802
1688		1939		3313324		1802
1689		1939		3313526		1802
1690		1938		3313729		1803
1691		1937		3313928		1803
1692		1937		3314126		1803
1693		1937		3314324		1803
1694		1937		3314522		1803
1695		1937		3314720		1803
1696		1937		3314918		1803
1697		1937		3315116		1803
1698		1937		3315314		1803
1699		1937		3315512		1803
1700		1937		3315710		1803
1701		1937		3315908		1803
1702		1937		3316106		1803
1703		1937		3316304		1803
1704		1937		3316502		1803
1705		1937		3316700		1803
1706		1937		3316898		1803
1707		1937		3317096		1803
1708		1937		3317294		1803
1709		1937		3317492		1803
1710		1937		3317690		1803
1711		1937		3317888		1803
1712		1936		3318085		1803
1713		1936		3318281		1803
1714		1936		3318477		1803
1715		1936		3318673		1803
1716		1936		3318869		1803
1717		1936		3319065		1803
1718		1936		3319261		1803
1719		1936		3319457		1803
1720		1936		3319653		1803
1721		1936		3319849		1803
1722		1935		3320044		1803
1723		1935		3320238		1803
1724		1935		3320432		1803
1725		1935		3320626		1803
1726		1935		3320820		1803
1727		1935		3321014		1803
1728		1935		3321208		1803
1729		1935		3321402		1803
1730		1935		3321596		1803
1731		1935		3321790		1803
1732		1935		3321984		1803
1733		1935		3322178		1803
1734		1935		3322372		1803
1735		1935		3322566		1803
1736		1935		3322760		1803
1737		1935		3322954		1803
1738		1935		3323148		1803
1739		1934		3323343		1803
1740		1934		3323535		1803
1741		1934		3323727		1803
1742		1934		3323919		1803
1743		1934		3324111		1803
1744		1934		3324303		1803
1745		1934		3324495		1803
1746		1934		3324687		1803
1747		1934		3324879		1803
1748		1934		3325071		1803
1749		1934		3325263		1803
1750		1934		3325455		1803
1751		1934		3325647		1803
1752		1934		3325839		1803
1753		1933		3326030		1801
1754		1932		3326219		1801
1755		1932		3326407		1801
1756		1932		3326595		1801
1757		1932		3326783		1801
1758		1932		3326971		1801
1759		1932		3327159		1801
1760		1932		3327347		1801
1761		1931		3327534		1802
1762		1931		3327720		1802
1763		1931		3327906		1802
1764		1931		3328092		1802
1765		1931		3328278		1802
1766		1931		3328464		1802
1767		1931		3328650		1802
1768		1931		3328836		1802
1769		1930		3329021		1800
1770		1930		3329205		1800
1771		1930		3329389		1800
1772		1930		3329573		1800
1773		1930		3329757		1800
1774		1930		3329941		1800
1775		1930		3330125		1800
1776		1930		3330309		1800
1777		1930		3330493		1800
1778		1930		3330677		1800
1779		1929		3330860		1801
1780		1928		3331043		1801
1781		1927		3331224		1801
1782		1927		3331402		1801
1783		1927		3331580		1801
1784		1927		3331758		1801
1785		1927		3331936		1801
1786		1926		3332115		1802
1787		1925		3332292		1803
1788		1925		3332466		1803
1789		1925		3332640		1803
1790		1925		3332814		1803
1791		1925		3332988		1803
1792		1924		3333163		1802
1793		1923		3333336		1803
1794		1923		3333506		1803
1795		1923		3333676		1803
1796		1923		3333846		1803
1797		1922		3334015		1803
1798		1921		3334184		1803
1799		1921		3334350		1803
1800		1921		3334516		1803
1801		1921		3334682		1803
1802		1921		3334848		1803
1803		1921		3335014		1803
1804		1920		3335179		1805
1805		1920		3335343		1805
1806		1920		3335507		1805
1807		1920		3335671		1805
1808		1920		3335835		1805
1809		1920		3335999		1805
1810		1920		3336163		1805
1811		1920		3336327		1805
1812		1920		3336491		1805
1813		1919		3336654		1806
1814		1919		3336816		1806
1815		1919		3336978		1806
1816		1919		3337140		1806
1817		1919		3337302		1806
1818		1919		3337464		1806
1819		1919		3337626		1806
1820		1919		3337788		1806
1821		1919		3337950		1806
1822		1919		3338112		1806
1823		1919		3338274		1806
1824		1919		3338436		1806
1825		1919		3338598		1806
1826		1919		3338760		1806
1827		1919		3338922		1806
1828		1919		3339084		1806
1829		1919		3339246		1806
1830		1919		3339408		1806
1831		1919		3339570		1806
1832		1919		3339732		1806
1833		1919		3339894		1806
1834		1919		3340056		1806
1835		1919		3340218		1806
1836		1919		3340380		1806
1837		1919		3340542		1806
1838		1918		3340705		1805
1839		1918		3340865		1805
1840		1917		3341026		1805
1841		1917		3341184		1805
1842		1917		3341342		1805
1843		1917		3341500		1805
1844		1917		3341658		1805
1845		1917		3341816		1805
1846		1917		3341974		1805
1847		1917		3342132		1805
1848		1917		3342290		1805
1849		1917		3342448		1805
1850		1917		3342606		1805
1851		1917		3342764		1805
1852		1917		3342922		1805
1853		1917		3343080		1805
1854		1917		3343238		1805
1855		1917		3343396		1805
1856		1917		3343554		1805
1857		1917		3343712		1805
1858		1917		3343870		1805
1859		1917		3344028		1805
1860		1917		3344186		1805
1861		1917		3344344		1805
1862		1917		3344502		1805
1863		1917		3344660		1805
1864		1917		3344818		1805
1865		1917		3344976		1805
1866		1917		3345134		1805
1867		1917		3345292		1805
1868		1917		3345450		1805
1869		1917		3345608		1805
1870		1917		3345766		1805
1871		1917		3345924		1805
1872		1917		3346082		1805
1873		1917		3346240		1805
1874		1917		3346398		1805
1875		1917		3346556		1805
1876		1917		3346714		1805
1877		1917		3346872		1805
1878		1917		3347030		1805
1879		1917		3347188		1805
1880		1917		3347346		1805
1881		1916		3347505		1806
1882		1916		3347661		1806
1883		1916		3347817		1806
1884		1916		3347973		1806
1885		1916		3348129		1806
1886		1916		3348285		1806
1887		1916		3348441		1806
1888		1916		3348597		1806
1889		1916		3348753		1806
1890		1915		3348910		1806
1891		1915		3349064		1806
1892		1915		3349218		1806
1893		1915		3349372		1806
1894		1915		3349526		1806
1895		1915		3349680		1806
1896		1915		3349834		1806
1897		1915		3349988		1806
1898		1915		3350142		1806
1899		1914		3350297		1805
1900		1914		3350449		1805
1901		1913		3350600		1805
1902		1912		3350751		1807
1903		1912		3350899		1807
1904		1912		3351047		1807
1905		1912		3351195		1807
1906		1912		3351343		1807
1907		1912		3351491		1807
1908		1912		3351639		1807
1909		1912		3351787		1807
1910		1912		3351935		1807
1911		1912		3352083		1807
1912		1912		3352231		1807
1913		1912		3352379		1807
1914		1912		3352527		1807
1915		1912		3352675		1807
1916		1912		3352823		1807
1917		1912		3352971		1807
1918		1912		3353119		1807
1919		1912		3353267		1807
1920		1912		3353415		1807
1921		1912		3353563		1807
1922		1912		3353711		1807
1923		1912		3353859		1807
1924		1912		3354007		1807
1925		1912		3354155		1807
1926		1912		3354303		1807
1927		1912		3354451		1807
1928		1912		3354599		1807
1929		1911		3354746		1808
1930		1911		3354892		1808
1931		1911		3355038		1808
1932		1911		3355184		1808
1933		1911		3355330		1808
1934		1911		3355476		1808
1935		1911		3355622		1808
1936		1911		3355768		1808
1937		1911		3355914		1808
1938		1911		3356060		1808
1939		1911		3356206		1808
1940		1911		3356352		1808
1941		1911		3356498		1808
1942		1911		3356644		1808
1943		1911		3356790		1808
1944		1911		3356936		1808
1945		1911		3357082		1808
1946		1911		3357228		1808
1947		1911		3357374		1808
1948		1911		3357520		1808
1949		1911		3357666		1808
1950		1911		3357812		1808
1951		1911		3357958		1808
1952		1911		3358104		1808
1953		1911		3358250		1808
1954		1911		3358396		1808
1955		1911		3358542		1808
1956		1911		3358688		1808
1957		1910		3358835		1809
1958		1910		3358979		1809
1959		1910		3359123		1809
1960		1910		3359267		1809
1961		1910		3359411		1809
1962		1910		3359555		1809
1963		1910		3359699		1809
1964		1910		3359843		1809
1965		1910		3359987		1809
1966		1910		3360131		1809
1967		1910		3360275		1809
1968		1910		3360419		1809
1969		1910		3360563		1809
1970		1910		3360707		1809
1971		1910		3360851		1809
1972		1910		3360995		1809
1973		1910		3361139		1809
1974		1910		3361283		1809
1975		1910		3361427		1809
1976		1910		3361571		1809
1977		1910		3361715		1809
1978		1910		3361859		1809
1979		1910		3362003		1809
1980		1910		3362147		1809
1981		1910		3362291		1809
1982		1910		3362435		1809
1983		1910		3362579		1809
1984		1910		3362723		1809
1985		1910		3362867		1809
1986		1910		3363011		1809
1987		1910		3363155		1809
1988		1910		3363299		1809
1989		1910		3363443		1809
1990		1910		3363587		1809
1991		1910		3363731		1809
1992		1910		3363875		1809
1993		1910		3364019		1809
1994		1910		3364163		1809
1995		1910		3364307		1809
1996		1910		3364451		1809
1997		1910		3364595		1809
1998		1910		3364739		1809
1999		1910		3364883		1809
