# Migration is number of nodes that have changed color.

Round		Edge-Cut		Swaps		Migrations		Skipped
0		5487		2230		1294
1		5304		4326		1469
2		5089		6335		1572
3		4889		8271		1614
4		4694		10117		1691
5		4617		11909		1687
6		4504		13662		1731
7		4464		15391		1757
8		4346		17101		1747
9		4311		18782		1760
10		4248		20456		1761
11		4159		22091		1765
12		4119		23715		1765
13		4092		25293		1737
14		4025		26844		1767
15		3964		28370		1766
16		3906		29862		1774
17		3876		31334		1773
18		3823		32794		1762
19		3780		34239		1778
20		3765		35689		1779
21		3762		37138		1780
22		3715		38575		1773
23		3683		39984		1770
24		3666		41373		1781
25		3590		42745		1777
26		3547		44079		1788
27		3527		45423		1776
28		3496		46731		1785
29		3474		48054		1777
30		3446		49346		1785
31		3444		50649		1793
32		3404		51945		1802
33		3373		53217		1798
34		3362		54493		1800
35		3375		55772		1814
36		3343		57028		1811
37		3323		58271		1806
38		3288		59475		1826
39		3274		60678		1789
40		3244		61878		1783
41		3227		63059		1788
42		3208		64255		1808
43		3206		65434		1792
44		3198		66617		1809
45		3203		67808		1796
46		3177		69018		1807
47		3176		70214		1793
48		3161		71383		1794
49		3153		72540		1789
50		3158		73704		1804
51		3168		74857		1779
52		3171		76021		1800
53		3156		77166		1782
54		3148		78322		1773
55		3167		79462		1766
56		3120		80608		1786
57		3156		81744		1771
58		3127		82876		1780
59		3102		83982		1769
60		3085		85077		1770
61		3080		86190		1768
62		3093		87310		1766
63		3101		88440		1789
64		3074		89585		1793
65		3071		90687		1802
66		3065		91791		1803
67		3051		92902		1799
68		3051		94005		1791
69		3038		95125		1797
70		3020		96229		1816
71		2984		97321		1815
72		2970		98402		1817
73		2962		99491		1809
74		2962		100555		1819
75		2963		101634		1806
76		2953		102706		1816
77		2954		103771		1804
78		2939		104838		1809
79		2928		105906		1779
80		2905		106956		1808
81		2892		107997		1795
82		2892		109029		1798
83		2886		110071		1791
84		2881		111109		1798
85		2860		112143		1791
86		2848		113183		1797
87		2828		114199		1787
88		2831		115203		1796
89		2809		116197		1795
90		2822		117178		1791
91		2795		118174		1797
92		2819		119166		1792
93		2820		120162		1780
94		2804		121158		1799
95		2774		122143		1786
96		2772		123116		1789
97		2763		124094		1785
98		2776		125072		1779
99		2770		126055		1779
100		2758		127032		1785
101		2760		127996		1775
102		2755		128982		1797
103		2759		129955		1788
104		2737		130926		1794
105		2722		131881		1787
106		2723		132842		1797
107		2714		133798		1784
108		2714		134751		1796
109		2721		135712		1801
110		2712		136671		1799
111		2704		137612		1813
112		2708		138576		1812
113		2694		139530		1806
114		2682		140480		1807
115		2675		141413		1809
116		2684		142368		1808
117		2687		143312		1804
118		2693		144269		1812
119		2673		145213		1807
120		2661		146144		1805
121		2650		147069		1802
122		2658		147994		1791
123		2647		148918		1787
124		2649		149845		1784
125		2645		150754		1787
126		2634		151681		1796
127		2645		152589		1792
128		2626		153507		1799
129		2637		154415		1792
130		2617		155342		1784
131		2620		156247		1791
132		2611		157166		1788
133		2623		158077		1787
134		2625		158995		1786
135		2617		159907		1789
136		2593		160816		1778
137		2577		161712		1784
138		2569		162607		1791
139		2553		163507		1792
140		2551		164384		1787
141		2529		165260		1785
142		2521		166124		1776
143		2514		166988		1786
144		2529		167861		1786
145		2518		168714		1790
146		2523		169579		1789
147		2516		170458		1790
148		2518		171320		1784
149		2508		172186		1785
150		2506		173048		1786
151		2506		173906		1791
152		2507		174758		1787
153		2490		175607		1780
154		2496		176444		1778
155		2481		177287		1768
156		2491		178135		1775
157		2489		178979		1776
158		2482		179828		1787
159		2481		180679		1780
160		2472		181511		1783
161		2457		182342		1798
162		2452		183155		1789
163		2441		183968		1787
164		2432		184765		1789
165		2427		185557		1781
166		2415		186338		1780
167		2419		187109		1791
168		2418		187893		1793
169		2419		188684		1782
170		2411		189464		1792
171		2425		190248		1784
172		2417		191033		1776
173		2426		191805		1782
174		2408		192583		1776
175		2411		193356		1769
176		2401		194140		1780
177		2405		194917		1766
178		2401		195691		1774
179		2398		196477		1780
180		2405		197265		1789
181		2403		198056		1781
182		2419		198860		1772
183		2409		199655		1787
184		2407		200441		1789
185		2405		201232		1789
186		2400		202022		1791
187		2387		202803		1786
188		2379		203581		1789
189		2377		204360		1786
190		2378		205132		1783
191		2382		205913		1789
192		2383		206695		1796
193		2393		207479		1788
194		2390		208271		1802
195		2381		209041		1798
196		2381		209809		1800
197		2381		210589		1804
198		2383		211371		1799
199		2367		212142		1799
200		2392		212914		1785
201		2395		213679		1802
202		2393		214455		1800
203		2391		215234		1800
204		2394		216029		1801
205		2401		216805		1787
206		2387		217580		1790
207		2389		218364		1799
208		2397		219157		1802
209		2388		219944		1795
210		2392		220727		1802
211		2386		221504		1800
212		2397		222286		1800
213		2396		223071		1789
214		2388		223862		1799
215		2384		224632		1789
216		2371		225417		1789
217		2386		226204		1802
218		2378		226979		1800
219		2374		227776		1794
220		2375		228571		1796
221		2401		229356		1778
222		2413		230159		1782
223		2432		230978		1791
224		2429		231803		1799
225		2430		232640		1804
226		2433		233469		1786
227		2432		234296		1798
228		2431		235128		1793
229		2434		235963		1813
230		2416		236788		1792
231		2412		237598		1807
232		2411		238405		1798
233		2411		239213		1802
234		2398		240018		1798
235		2398		240812		1809
236		2403		241604		1800
237		2405		242403		1807
238		2403		243202		1801
239		2392		244002		1804
240		2401		244787		1806
241		2395		245590		1812
242		2401		246398		1803
243		2397		247199		1808
244		2397		248005		1794
245		2398		248807		1801
246		2396		249604		1794
247		2404		250403		1798
248		2406		251211		1803
249		2392		251999		1796
250		2402		252793		1783
251		2391		253589		1784
252		2427		254388		1782
253		2407		255187		1791
254		2416		255985		1785
255		2413		256791		1789
256		2412		257585		1792
257		2400		258374		1799
258		2416		259170		1798
259		2414		259975		1801
260		2412		260771		1793
261		2404		261569		1805
262		2407		262360		1811
263		2398		263144		1810
264		2400		263910		1804
265		2404		264690		1798
266		2398		265478		1799
267		2382		266253		1795
268		2389		267024		1790
269		2376		267792		1800
270		2384		268576		1808
271		2384		269349		1786
272		2375		270117		1788
273		2386		270903		1779
274		2377		271697		1794
275		2384		272502		1796
276		2379		273295		1799
277		2368		274093		1799
278		2368		274900		1812
279		2365		275707		1808
280		2352		276513		1803
281		2361		277317		1796
282		2361		278116		1805
283		2369		278928		1801
284		2373		279767		1805
285		2386		280606		1786
286		2371		281429		1793
287		2386		282256		1789
288		2397		283106		1798
289		2409		283942		1792
290		2409		284789		1808
291		2403		285638		1802
292		2393		286471		1811
293		2382		287306		1802
294		2382		288147		1809
295		2385		288999		1800
296		2378		289858		1807
297		2376		290699		1806
298		2371		291546		1810
299		2374		292397		1805
300		2394		293246		1795
301		2378		294113		1790
302		2366		294968		1799
303		2367		295835		1793
304		2355		296684		1791
305		2349		297528		1803
306		2368		298372		1795
307		2359		299227		1794
308		2359		300073		1791
309		2355		300920		1791
310		2360		301780		1779
311		2353		302634		1785
312		2386		303499		1789
313		2378		304367		1790
314		2403		305231		1792
315		2412		306115		1795
316		2415		306999		1795
317		2413		307883		1802
318		2411		308758		1796
319		2412		309647		1796
320		2407		310524		1800
321		2394		311396		1791
322		2383		312253		1785
323		2382		313115		1785
324		2379		313976		1793
325		2374		314842		1793
326		2375		315698		1789
327		2383		316560		1797
328		2377		317438		1792
329		2376		318304		1794
330		2377		319178		1794
331		2369		320056		1802
332		2367		320913		1795
333		2353		321759		1801
334		2339		322610		1804
335		2337		323448		1799
336		2332		324291		1799
337		2338		325122		1802
338		2337		325970		1808
339		2342		326808		1811
340		2359		327652		1805
341		2375		328535		1805
342		2360		329404		1809
343		2390		330265		1795
344		2399		331146		1794
345		2404		332043		1801
346		2430		332957		1808
347		2420		333878		1790
348		2429		334799		1797
349		2424		335717		1789
350		2437		336651		1803
351		2420		337578		1782
352		2435		338511		1797
353		2412		339449		1783
354		2403		340371		1800
355		2413		341321		1795
356		2411		342240		1808
357		2398		343151		1802
358		2414		344076		1807
359		2412		345014		1801
360		2407		345950		1812
361		2409		346900		1805
362		2411		347861		1800
363		2416		348822		1781
364		2399		349774		1794
365		2391		350727		1804
366		2402		351680		1814
367		2393		352634		1806
368		2384		353574		1804
369		2371		354518		1807
370		2371		355457		1819
371		2387		356394		1813
372		2386		357346		1814
373		2391		358297		1809
374		2387		359241		1822
375		2391		360199		1809
376		2395		361154		1802
377		2383		362111		1811
378		2376		363053		1803
379		2377		363995		1801
380		2382		364942		1800
381		2388		365893		1803
382		2387		366845		1807
383		2388		367804		1812
384		2390		368762		1803
385		2383		369712		1808
386		2385		370652		1798
387		2382		371608		1803
388		2379		372559		1792
389		2387		373506		1809
390		2390		374462		1799
391		2388		375422		1804
392		2385		376379		1794
393		2394		377352		1806
394		2387		378316		1792
395		2368		379270		1809
396		2367		380206		1801
397		2357		381140		1802
398		2358		382070		1805
399		2357		383004		1806
400		2342		383925		1802
401		2339		384835		1798
402		2348		385771		1803
403		2330		386701		1810
404		2332		387613		1805
405		2318		388524		1807
406		2312		389447		1810
407		2310		390364		1802
408		2314		391282		1810
409		2313		392200		1807
410		2323		393132		1809
411		2328		394076		1806
412		2333		395033		1800
413		2323		395992		1801
414		2319		396950		1795
415		2305		397902		1797
416		2307		398850		1797
417		2300		399807		1806
418		2300		400752		1814
419		2316		401713		1799
420		2308		402676		1812
421		2312		403652		1811
422		2304		404619		1814
423		2304		405598		1803
424		2284		406557		1818
425		2293		407512		1811
426		2281		408468		1822
427		2276		409442		1801
428		2270		410407		1806
429		2263		411367		1805
430		2257		412314		1815
431		2264		413267		1812
432		2252		414211		1825
433		2256		415151		1814
434		2263		416099		1816
435		2272		417036		1810
436		2268		417976		1815
437		2257		418911		1816
438		2247		419842		1818
439		2252		420763		1811
440		2244		421687		1808
441		2240		422624		1812
442		2230		423547		1819
443		2250		424467		1816
444		2243		425394		1824
445		2245		426320		1815
446		2245		427240		1817
447		2258		428164		1809
448		2239		429082		1815
449		2257		430007		1822
450		2272		430938		1821
451		2274		431879		1819
452		2267		432808		1826
453		2264		433735		1822
454		2251		434662		1832
455		2256		435583		1819
456		2251		436506		1822
457		2262		437446		1809
458		2250		438373		1818
459		2253		439293		1816
460		2242		440219		1817
461		2252		441143		1808
462		2263		442097		1811
463		2269		443043		1817
464		2273		443992		1824
465		2278		444943		1819
466		2269		445900		1825
467		2272		446856		1825
468		2275		447822		1821
469		2275		448785		1816
470		2265		449762		1822
471		2271		450730		1827
472		2269		451692		1821
473		2274		452662		1830
474		2267		453619		1821
475		2265		454579		1826
476		2259		455536		1823
477		2252		456484		1826
478		2250		457440		1819
479		2257		458392		1820
480		2249		459347		1818
481		2246		460304		1830
482		2241		461241		1823
483		2242		462181		1838
484		2230		463125		1837
485		2225		464066		1834
486		2213		465000		1838
487		2218		465919		1839
488		2213		466845		1832
489		2220		467770		1839
490		2223		468699		1831
491		2227		469641		1833
492		2213		470567		1833
493		2219		471504		1829
494		2225		472448		1833
495		2220		473385		1830
496		2216		474327		1828
497		2203		475256		1832
498		2204		476199		1828
499		2197		477132		1832
500		2199		478052		1831
501		2196		478977		1834
502		2200		479906		1827
503		2195		480846		1833
504		2187		481770		1836
505		2178		482682		1837
506		2171		483597		1828
507		2173		484516		1834
508		2172		485434		1834
509		2174		486348		1836
510		2177		487262		1836
511		2182		488181		1834
512		2178		489094		1827
513		2170		489999		1832
514		2175		490915		1838
515		2177		491833		1832
516		2177		492755		1828
517		2176		493678		1833
518		2170		494591		1823
519		2170		495499		1829
520		2165		496416		1828
521		2162		497334		1825
522		2169		498260		1827
523		2172		499176		1826
524		2167		500088		1829
525		2160		500996		1813
526		2161		501906		1829
527		2156		502820		1826
528		2153		503733		1834
529		2154		504642		1823
530		2152		505548		1830
531		2150		506460		1816
532		2148		507373		1826
533		2157		508286		1821
534		2161		509201		1826
535		2157		510116		1813
536		2160		511026		1839
537		2153		511929		1818
538		2151		512840		1841
539		2147		513737		1814
540		2143		514632		1833
541		2146		515524		1814
542		2148		516429		1834
543		2170		517332		1810
544		2171		518243		1835
545		2175		519142		1814
546		2179		520054		1834
547		2171		520960		1819
548		2165		521862		1845
549		2164		522753		1819
550		2161		523646		1843
551		2165		524539		1821
552		2173		525442		1850
553		2169		526349		1835
554		2177		527255		1845
555		2172		528161		1834
556		2168		529069		1844
557		2180		529983		1832
558		2184		530893		1841
559		2188		531819		1829
560		2179		532722		1847
561		2181		533629		1824
562		2179		534538		1838
563		2179		535452		1835
564		2183		536362		1838
565		2180		537275		1828
566		2170		538191		1842
567		2171		539098		1837
568		2177		540016		1844
569		2186		540943		1835
570		2185		541866		1843
571		2190		542793		1840
572		2190		543727		1843
573		2195		544654		1841
574		2181		545579		1845
575		2183		546502		1837
576		2174		547422		1846
577		2169		548346		1843
578		2162		549261		1853
579		2162		550180		1845
580		2164		551096		1846
581		2177		552029		1839
582		2161		552957		1847
583		2174		553895		1844
584		2166		554830		1842
585		2171		555753		1837
586		2160		556677		1839
587		2158		557587		1833
588		2151		558503		1832
589		2156		559414		1835
590		2149		560322		1829
591		2144		561235		1832
592		2142		562145		1831
593		2153		563057		1826
594		2149		563971		1828
595		2152		564886		1826
596		2147		565806		1825
597		2153		566722		1827
598		2143		567627		1824
599		2146		568533		1824
600		2144		569446		1826
601		2152		570349		1825
602		2147		571265		1826
603		2149		572178		1832
604		2143		573087		1830
605		2149		573991		1832
606		2147		574902		1829
607		2144		575814		1823
608		2135		576718		1836
609		2128		577599		1830
610		2122		578488		1830
611		2117		579372		1837
612		2136		580256		1833
613		2137		581169		1836
614		2140		582074		1826
615		2137		582973		1825
616		2143		583881		1813
617		2149		584794		1818
618		2156		585708		1821
619		2154		586626		1821
620		2156		587551		1818
621		2152		588470		1818
622		2152		589386		1821
623		2150		590302		1824
624		2151		591224		1836
625		2144		592127		1835
626		2141		593041		1836
627		2141		593949		1839
628		2146		594858		1829
629		2146		595782		1833
630		2146		596705		1836
631		2141		597625		1831
632		2143		598536		1834
633		2132		599460		1836
634		2135		600371		1837
635		2138		601287		1837
636		2146		602205		1834
637		2148		603132		1829
638		2147		604051		1822
639		2149		604966		1828
640		2155		605888		1826
641		2152		606813		1831
642		2144		607729		1829
643		2142		608640		1821
644		2149		609561		1825
645		2148		610491		1826
646		2151		611418		1829
647		2146		612341		1826
648		2148		613265		1829
649		2146		614188		1828
650		2146		615108		1824
651		2146		616027		1828
652		2144		616947		1822
653		2144		617871		1826
654		2144		618794		1827
655		2146		619723		1826
656		2149		620647		1825
657		2152		621568		1824
658		2149		622502		1828
659		2150		623433		1825
660		2150		624368		1823
661		2153		625301		1817
662		2151		626236		1813
663		2156		627169		1815
664		2152		628103		1815
665		2156		629033		1817
666		2158		629970		1814
667		2160		630901		1818
668		2160		631838		1810
669		2163		632781		1827
670		2162		633722		1822
671		2160		634660		1822
672		2158		635595		1821
673		2157		636529		1826
674		2159		637465		1821
675		2149		638395		1822
676		2140		639310		1824
677		2142		640231		1831
678		2135		641138		1818
679		2140		642056		1821
680		2140		642971		1818
681		2144		643884		1829
682		2140		644800		1827
683		2135		645703		1826
684		2140		646616		1823
685		2137		647527		1825
686		2132		648436		1822
687		2123		649335		1817
688		2124		650229		1830
689		2127		651136		1821
690		2124		652037		1839
691		2122		652936		1829
692		2126		653840		1838
693		2132		654744		1829
694		2130		655647		1837
695		2141		656559		1826
696		2127		657466		1838
697		2130		658377		1821
698		2125		659279		1836
699		2125		660175		1825
700		2121		661067		1834
701		2121		661966		1819
702		2115		662856		1836
703		2116		663749		1818
704		2109		664640		1833
705		2110		665536		1815
706		2113		666421		1830
707		2129		667317		1824
708		2132		668225		1843
709		2120		669142		1817
710		2124		670059		1837
711		2129		670975		1819
712		2136		671896		1831
713		2144		672820		1818
714		2146		673750		1839
715		2142		674681		1814
716		2144		675609		1835
717		2142		676539		1819
718		2146		677479		1838
719		2143		678412		1816
720		2141		679347		1835
721		2140		680287		1820
722		2130		681218		1839
723		2128		682151		1823
724		2124		683076		1838
725		2131		684005		1818
726		2122		684934		1845
727		2122		685861		1825
728		2120		686781		1846
729		2121		687706		1826
730		2122		688640		1844
731		2120		689576		1828
732		2117		690505		1846
733		2127		691437		1818
734		2125		692377		1845
735		2130		693316		1825
736		2122		694250		1846
737		2121		695180		1827
738		2119		696104		1849
739		2119		697022		1830
740		2118		697947		1845
741		2119		698864		1825
742		2118		699781		1840
743		2115		700706		1823
744		2119		701636		1836
745		2121		702566		1826
746		2126		703500		1834
747		2123		704433		1819
748		2124		705359		1831
749		2123		706283		1827
750		2119		707207		1835
751		2114		708135		1827
752		2113		709050		1834
753		2106		709962		1827
754		2107		710878		1835
755		2097		711797		1827
756		2092		712707		1834
757		2094		713619		1836
758		2098		714529		1840
759		2096		715444		1835
760		2097		716359		1840
761		2090		717266		1835
762		2098		718181		1842
763		2095		719094		1833
764		2100		720007		1835
765		2098		720922		1842
766		2095		721836		1837
767		2094		722748		1841
768		2101		723660		1843
769		2099		724579		1842
770		2098		725493		1838
771		2093		726400		1846
772		2095		727309		1841
773		2095		728215		1846
774		2100		729126		1841
775		2100		730040		1851
776		2117		730956		1840
777		2123		731880		1848
778		2122		732810		1840
779		2127		733745		1842
780		2124		734674		1838
781		2123		735604		1842
782		2120		736529		1839
783		2122		737451		1845
784		2117		738368		1842
785		2123		739291		1845
786		2121		740217		1842
787		2124		741139		1843
788		2146		742076		1835
789		2144		743010		1839
790		2150		743945		1834
791		2149		744885		1842
792		2145		745824		1837
793		2143		746759		1845
794		2150		747700		1834
795		2146		748642		1837
796		2142		749578		1835
797		2141		750505		1842
798		2141		751433		1832
799		2140		752366		1839
800		2143		753297		1831
801		2145		754232		1836
802		2154		755171		1826
803		2149		756109		1838
804		2148		757042		1831
805		2144		757972		1838
806		2143		758901		1831
807		2144		759834		1848
808		2146		760768		1838
809		2144		761708		1840
810		2149		762656		1834
811		2146		763598		1843
812		2150		764539		1836
813		2148		765483		1848
814		2156		766431		1835
815		2147		767374		1845
816		2148		768314		1836
817		2146		769258		1848
818		2147		770200		1841
819		2145		771146		1848
820		2145		772087		1838
821		2143		773031		1849
822		2141		773975		1834
823		2144		774925		1841
824		2144		775877		1832
825		2135		776830		1848
826		2141		777771		1837
827		2130		778715		1843
828		2136		779660		1832
829		2127		780606		1840
830		2136		781545		1844
831		2131		782477		1836
832		2137		783424		1838
833		2128		784368		1832
834		2139		785306		1838
835		2136		786247		1838
836		2133		787187		1836
837		2129		788115		1832
838		2126		789057		1825
839		2122		789993		1835
840		2125		790924		1833
841		2127		791859		1832
842		2125		792794		1845
843		2127		793724		1839
844		2129		794669		1847
845		2128		795600		1839
846		2134		796536		1844
847		2123		797473		1845
848		2118		798407		1837
849		2123		799337		1837
850		2127		800262		1826
851		2123		801201		1836
852		2113		802139		1832
853		2122		803080		1843
854		2112		804022		1838
855		2113		804959		1845
856		2115		805900		1841
857		2110		806845		1843
858		2104		807779		1827
859		2105		808720		1840
860		2103		809653		1828
861		2098		810584		1843
862		2097		811519		1831
863		2103		812455		1839
864		2100		813386		1826
865		2101		814316		1848
866		2102		815250		1834
867		2107		816187		1839
868		2108		817124		1828
869		2106		818065		1843
870		2100		818993		1821
871		2098		819921		1839
872		2095		820849		1819
873		2097		821780		1840
874		2096		822707		1827
875		2096		823628		1836
876		2093		824547		1825
877		2095		825469		1838
878		2085		826392		1824
879		2085		827307		1835
880		2087		828221		1824
881		2090		829138		1841
882		2090		830054		1832
883		2085		830973		1845
884		2082		831884		1827
885		2089		832800		1842
886		2097		833730		1826
887		2100		834655		1842
888		2097		835580		1823
889		2099		836510		1840
890		2095		837441		1826
891		2106		838375		1840
892		2102		839309		1829
893		2108		840242		1849
894		2113		841188		1838
895		2111		842147		1845
896		2103		843085		1840
897		2107		844030		1852
898		2110		844978		1843
899		2106		845924		1855
900		2102		846867		1834
901		2101		847811		1848
902		2098		848751		1835
903		2093		849684		1849
904		2091		850612		1837
905		2092		851537		1845
906		2089		852468		1836
907		2092		853396		1844
908		2086		854314		1829
909		2092		855240		1847
910		2087		856158		1833
911		2087		857080		1839
912		2087		857999		1832
913		2084		858921		1851
914		2084		859831		1835
915		2092		860767		1848
916		2099		861699		1823
917		2096		862630		1839
918		2095		863561		1830
919		2100		864497		1848
920		2091		865438		1830
921		2089		866374		1844
922		2093		867311		1835
923		2092		868251		1844
924		2084		869180		1834
925		2093		870109		1834
926		2085		871042		1825
927		2088		871980		1828
928		2082		872910		1828
929		2086		873852		1832
930		2075		874782		1831
931		2079		875713		1837
932		2074		876639		1825
933		2076		877570		1833
934		2072		878499		1830
935		2069		879414		1833
936		2069		880325		1830
937		2065		881248		1826
938		2058		882157		1824
939		2059		883059		1830
940		2058		883972		1822
941		2055		884883		1821
942		2054		885792		1823
943		2056		886702		1833
944		2056		887612		1827
945		2062		888524		1830
946		2072		889451		1839
947		2066		890369		1831
948		2071		891286		1833
949		2070		892207		1829
950		2071		893129		1829
951		2064		894048		1826
952		2067		894968		1827
953		2070		895885		1822
954		2073		896802		1829
955		2062		897714		1828
956		2061		898620		1834
957		2071		899543		1830
958		2065		900466		1827
959		2063		901382		1830
960		2058		902293		1831
961		2058		903202		1832
962		2053		904111		1835
963		2053		905017		1834
964		2057		905927		1836
965		2058		906841		1839
966		2059		907762		1844
967		2055		908672		1839
968		2060		909585		1844
969		2065		910507		1836
970		2061		911420		1838
971		2057		912328		1838
972		2055		913242		1836
973		2056		914150		1837
974		2056		915055		1833
975		2054		915954		1832
976		2046		916854		1834
977		2050		917751		1832
978		2049		918654		1840
979		2048		919556		1828
980		2052		920457		1837
981		2058		921370		1826
982		2055		922276		1837
983		2056		923177		1827
984		2056		924092		1842
985		2061		925001		1827
986		2056		925918		1835
987		2048		926816		1824
988		2044		927705		1834
989		2046		928604		1828
990		2043		929503		1836
991		2043		930396		1833
992		2036		931287		1843
993		2030		932186		1834
994		2028		933086		1843
995		2028		933983		1831
996		2032		934883		1836
997		2035		935790		1830
998		2035		936692		1842
999		2034		937593		1830
