# Migration is number of nodes that have changed color.

Round		Edge-Cut		Swaps		Migrations		Skipped
0		92423		2218		2117
1		65374		3582		2013
2		52083		4373		2033
3		47427		4842		2034
4		45485		5189		2053
5		43837		5451		2058
6		43361		5617		2043
7		42792		5755		2036
8		42470		5872		2033
9		42314		5952		2040
10		42196		6023		2048
11		42135		6074		2049
12		41948		6132		2051
13		41912		6170		2049
14		41794		6206		2049
15		41742		6229		2047
16		41813		6252		2042
17		41799		6262		2050
18		41749		6281		2051
19		41745		6295		2051
20		41738		6313		2054
21		41717		6327		2057
22		41698		6333		2058
23		41639		6348		2049
24		41630		6357		2047
25		41613		6371		2049
26		41599		6376		2048
27		41598		6384		2048
28		41589		6393		2044
29		41587		6399		2043
30		41587		6401		2044
31		41588		6402		2045
32		41590		6407		2044
33		41590		6410		2045
34		41587		6414		2044
35		41575		6419		2046
36		41576		6422		2047
37		41571		6429		2046
38		41573		6434		2046
39		41582		6438		2047
40		41580		6444		2052
41		41580		6446		2049
42		41574		6449		2047
43		41574		6449		2047
44		41574		6451		2048
45		41574		6453		2048
46		41573		6454		2048
47		41574		6455		2048
48		41577		6457		2049
49		41576		6460		2048
50		41565		6465		2048
51		41564		6468		2048
52		41564		6468		2048
53		41564		6468		2048
54		41584		6472		2049
55		41587		6477		2048
56		41586		6482		2046
57		41587		6489		2050
58		41588		6493		2049
59		41583		6495		2048
60		41577		6498		2048
61		41576		6499		2046
62		41561		6502		2045
63		41559		6505		2044
64		41562		6507		2046
65		41558		6511		2044
66		41557		6514		2042
67		41556		6515		2040
68		41559		6516		2039
69		41559		6517		2040
70		41560		6518		2042
71		41560		6519		2041
72		41560		6519		2041
73		41560		6520		2042
74		41560		6520		2042
75		41560		6520		2042
76		41559		6521		2042
77		41559		6522		2041
78		41559		6522		2041
79		41559		6522		2041
80		41559		6522		2041
81		41559		6522		2041
82		41559		6522		2041
83		41559		6522		2041
84		41559		6523		2042
85		41559		6523		2042
86		41559		6523		2042
87		41559		6524		2041
88		41559		6525		2042
89		41559		6526		2041
90		41552		6528		2042
91		41552		6528		2042
92		41553		6529		2041
93		41553		6529		2041
94		41560		6532		2038
95		41553		6536		2042
96		41554		6537		2042
97		41553		6539		2039
98		41553		6539		2039
99		41552		6540		2041
100		41552		6540		2041
101		41551		6541		2040
102		41553		6542		2042
103		41553		6542		2042
104		41553		6542		2042
105		41553		6542		2042
106		41553		6542		2042
107		41553		6542		2042
108		41553		6542		2042
109		41553		6542		2042
110		41553		6542		2042
111		41553		6542		2042
112		41553		6542		2042
113		41553		6542		2042
114		41553		6542		2042
115		41553		6542		2042
116		41553		6542		2042
117		41553		6542		2042
118		41553		6542		2042
119		41553		6542		2042
120		41553		6542		2042
121		41553		6542		2042
122		41554		6543		2044
123		41554		6543		2044
124		41554		6543		2044
125		41554		6543		2044
126		41554		6543		2044
127		41554		6543		2044
128		41553		6544		2045
129		41555		6545		2045
130		41555		6545		2045
131		41555		6545		2045
132		41555		6545		2045
133		41555		6545		2045
134		41555		6545		2045
135		41555		6545		2045
136		41555		6545		2045
137		41552		6546		2045
138		41552		6546		2045
139		41552		6546		2045
140		41552		6546		2045
141		41552		6546		2045
142		41552		6546		2045
143		41552		6546		2045
144		41546		6547		2044
145		41546		6547		2044
146		41546		6547		2044
147		41546		6547		2044
148		41546		6547		2044
149		41546		6547		2044
150		41546		6547		2044
151		41546		6547		2044
152		41546		6547		2044
153		41546		6547		2044
154		41546		6547		2044
155		41546		6547		2044
156		41546		6547		2044
157		41546		6547		2044
158		41546		6547		2044
159		41546		6547		2044
160		41546		6547		2044
161		41546		6547		2044
162		41546		6547		2044
163		41546		6547		2044
164		41546		6547		2044
165		41546		6547		2044
166		41546		6547		2044
167		41546		6547		2044
168		41546		6547		2044
169		41546		6547		2044
170		41546		6547		2044
171		41546		6547		2044
172		41546		6547		2044
173		41546		6547		2044
174		41546		6547		2044
175		41546		6547		2044
176		41546		6547		2044
177		41546		6547		2044
178		41545		6548		2044
179		41545		6548		2044
180		41545		6548		2044
181		41545		6548		2044
182		41545		6548		2044
183		41545		6548		2044
184		41545		6548		2044
185		41545		6551		2043
186		41540		6553		2045
187		41536		6557		2043
188		41536		6557		2043
189		41537		6559		2040
190		41539		6561		2039
191		41541		6562		2038
192		41541		6563		2040
193		41541		6563		2040
194		41540		6565		2038
195		41540		6565		2038
196		41538		6566		2038
197		41537		6567		2037
198		41535		6568		2037
199		41537		6571		2037
200		41533		6573		2040
201		41533		6573		2040
202		41533		6573		2040
203		41533		6573		2040
204		41533		6574		2038
205		41533		6574		2038
206		41534		6575		2040
207		41525		6578		2042
208		41525		6578		2042
209		41530		6580		2041
210		41530		6580		2041
211		41532		6581		2040
212		41532		6581		2040
213		41534		6583		2039
214		41536		6584		2040
215		41535		6585		2040
216		41535		6585		2040
217		41535		6585		2040
218		41533		6586		2039
219		41533		6586		2039
220		41534		6587		2039
221		41534		6587		2039
222		41533		6588		2039
223		41533		6588		2039
224		41532		6590		2040
225		41532		6590		2040
226		41532		6590		2040
227		41532		6590		2040
228		41532		6590		2040
229		41532		6590		2040
230		41532		6590		2040
231		41532		6590		2040
232		41532		6590		2040
233		41532		6590		2040
234		41532		6590		2040
235		41532		6590		2040
236		41532		6590		2040
237		41532		6590		2040
238		41534		6591		2039
239		41534		6591		2039
240		41534		6591		2039
241		41534		6591		2039
242		41534		6591		2039
243		41534		6591		2039
244		41534		6591		2039
245		41534		6591		2039
246		41534		6591		2039
247		41534		6591		2039
248		41533		6592		2039
249		41533		6592		2039
250		41533		6592		2039
251		41533		6592		2039
252		41533		6592		2039
253		41533		6592		2039
254		41533		6592		2039
255		41533		6592		2039
256		41533		6592		2039
257		41533		6592		2039
258		41533		6592		2039
259		41533		6592		2039
260		41533		6592		2039
261		41533		6592		2039
262		41533		6592		2039
263		41533		6592		2039
264		41533		6592		2039
265		41533		6592		2039
266		41533		6592		2039
267		41533		6592		2039
268		41533		6592		2039
269		41533		6592		2039
270		41533		6592		2039
271		41533		6592		2039
272		41533		6592		2039
273		41533		6592		2039
274		41533		6592		2039
275		41533		6592		2039
276		41533		6592		2039
277		41533		6592		2039
278		41533		6592		2039
279		41533		6592		2039
280		41533		6592		2039
281		41533		6592		2039
282		41533		6592		2039
283		41533		6592		2039
284		41533		6592		2039
285		41533		6592		2039
286		41533		6592		2039
287		41533		6592		2039
288		41533		6592		2039
289		41533		6592		2039
290		41533		6592		2039
291		41533		6592		2039
292		41533		6592		2039
293		41533		6592		2039
294		41533		6592		2039
295		41533		6592		2039
296		41533		6592		2039
297		41533		6592		2039
298		41533		6592		2039
299		41533		6592		2039
300		41533		6592		2039
301		41533		6592		2039
302		41533		6592		2039
303		41533		6592		2039
304		41533		6592		2039
305		41533		6592		2039
306		41533		6592		2039
307		41533		6592		2039
308		41533		6592		2039
309		41533		6592		2039
310		41533		6592		2039
311		41533		6592		2039
312		41533		6592		2039
313		41533		6592		2039
314		41533		6592		2039
315		41533		6592		2039
316		41533		6592		2039
317		41533		6592		2039
318		41533		6592		2039
319		41533		6592		2039
320		41529		6593		2038
321		41529		6593		2038
322		41529		6593		2038
323		41529		6593		2038
324		41529		6593		2038
325		41529		6593		2038
326		41529		6593		2038
327		41529		6593		2038
328		41529		6593		2038
329		41529		6593		2038
330		41529		6593		2038
331		41529		6593		2038
332		41529		6593		2038
333		41529		6593		2038
334		41529		6593		2038
335		41529		6593		2038
336		41529		6593		2038
337		41529		6593		2038
338		41529		6593		2038
339		41529		6593		2038
340		41529		6593		2038
341		41529		6593		2038
342		41529		6593		2038
343		41529		6593		2038
344		41529		6593		2038
345		41529		6593		2038
346		41529		6593		2038
347		41529		6593		2038
348		41529		6593		2038
349		41529		6593		2038
350		41529		6593		2038
351		41529		6593		2038
352		41529		6593		2038
353		41529		6593		2038
354		41529		6593		2038
355		41529		6593		2038
356		41529		6593		2038
357		41529		6593		2038
358		41529		6593		2038
359		41529		6593		2038
360		41529		6593		2038
361		41529		6593		2038
362		41529		6593		2038
363		41529		6593		2038
364		41529		6593		2038
365		41529		6593		2038
366		41529		6593		2038
367		41529		6593		2038
368		41529		6593		2038
369		41529		6593		2038
370		41529		6593		2038
371		41529		6593		2038
372		41529		6593		2038
373		41529		6593		2038
374		41529		6593		2038
375		41529		6593		2038
376		41529		6593		2038
377		41529		6593		2038
378		41529		6593		2038
379		41529		6593		2038
380		41529		6593		2038
381		41529		6593		2038
382		41529		6593		2038
383		41529		6593		2038
384		41529		6593		2038
385		41529		6593		2038
386		41529		6593		2038
387		41529		6593		2038
388		41529		6593		2038
389		41529		6593		2038
390		41529		6593		2038
391		41529		6593		2038
392		41529		6593		2038
393		41529		6593		2038
394		41529		6593		2038
395		41529		6593		2038
396		41529		6593		2038
397		41529		6593		2038
398		41529		6593		2038
399		41529		6593		2038
400		41529		6593		2038
401		41529		6593		2038
402		41529		6593		2038
403		41529		6593		2038
404		41529		6593		2038
405		41529		6593		2038
406		41529		6593		2038
407		41529		6593		2038
408		41529		6593		2038
409		41529		6593		2038
410		41529		6593		2038
411		41529		6593		2038
412		41529		6593		2038
413		41529		6593		2038
414		41529		6593		2038
415		41529		6593		2038
416		41529		6593		2038
417		41529		6593		2038
418		41529		6593		2038
419		41529		6593		2038
420		41529		6593		2038
421		41529		6593		2038
422		41529		6593		2038
423		41529		6593		2038
424		41529		6593		2038
425		41529		6593		2038
426		41529		6593		2038
427		41529		6593		2038
428		41529		6593		2038
429		41529		6593		2038
430		41529		6593		2038
431		41529		6593		2038
432		41529		6593		2038
433		41529		6593		2038
434		41529		6593		2038
435		41529		6593		2038
436		41529		6593		2038
437		41529		6593		2038
438		41529		6593		2038
439		41529		6593		2038
440		41529		6593		2038
441		41529		6593		2038
442		41529		6593		2038
443		41529		6593		2038
444		41529		6593		2038
445		41529		6593		2038
446		41529		6593		2038
447		41529		6593		2038
448		41529		6593		2038
449		41529		6593		2038
450		41529		6593		2038
451		41529		6593		2038
452		41529		6593		2038
453		41529		6593		2038
454		41529		6593		2038
455		41529		6593		2038
456		41529		6593		2038
457		41529		6593		2038
458		41529		6593		2038
459		41529		6593		2038
460		41529		6593		2038
461		41529		6593		2038
462		41529		6593		2038
463		41529		6593		2038
464		41529		6593		2038
465		41529		6593		2038
466		41529		6593		2038
467		41529		6593		2038
468		41529		6593		2038
469		41529		6593		2038
470		41529		6593		2038
471		41529		6593		2038
472		41529		6593		2038
473		41529		6593		2038
474		41529		6593		2038
475		41529		6593		2038
476		41529		6593		2038
477		41529		6593		2038
478		41529		6593		2038
479		41529		6593		2038
480		41529		6593		2038
481		41529		6593		2038
482		41529		6593		2038
483		41529		6593		2038
484		41529		6593		2038
485		41529		6593		2038
486		41529		6593		2038
487		41529		6593		2038
488		41529		6593		2038
489		41529		6593		2038
490		41529		6593		2038
491		41529		6593		2038
492		41529		6593		2038
493		41529		6593		2038
494		41529		6593		2038
495		41529		6593		2038
496		41529		6593		2038
497		41529		6593		2038
498		41529		6593		2038
499		41529		6593		2038
500		41529		6593		2038
501		41529		6593		2038
502		41529		6593		2038
503		41529		6593		2038
504		41529		6593		2038
505		41529		6593		2038
506		41529		6593		2038
507		41529		6593		2038
508		41529		6593		2038
509		41529		6593		2038
510		41529		6593		2038
511		41529		6593		2038
512		41529		6593		2038
513		41529		6593		2038
514		41529		6593		2038
515		41529		6593		2038
516		41529		6593		2038
517		41529		6593		2038
518		41529		6593		2038
519		41529		6593		2038
520		41529		6593		2038
521		41529		6593		2038
522		41529		6593		2038
523		41529		6593		2038
524		41529		6593		2038
525		41529		6593		2038
526		41529		6593		2038
527		41529		6593		2038
528		41529		6593		2038
529		41529		6593		2038
530		41529		6593		2038
531		41529		6593		2038
532		41529		6593		2038
533		41529		6593		2038
534		41529		6593		2038
535		41529		6593		2038
536		41529		6593		2038
537		41529		6593		2038
538		41529		6593		2038
539		41529		6593		2038
540		41529		6593		2038
541		41529		6593		2038
542		41529		6593		2038
543		41529		6593		2038
544		41529		6593		2038
545		41529		6593		2038
546		41529		6593		2038
547		41529		6593		2038
548		41529		6593		2038
549		41529		6593		2038
550		41529		6593		2038
551		41529		6593		2038
552		41529		6593		2038
553		41529		6593		2038
554		41529		6593		2038
555		41529		6593		2038
556		41529		6593		2038
557		41529		6593		2038
558		41529		6593		2038
559		41529		6593		2038
560		41529		6593		2038
561		41529		6593		2038
562		41529		6593		2038
563		41529		6593		2038
564		41529		6593		2038
565		41529		6593		2038
566		41529		6593		2038
567		41529		6593		2038
568		41529		6593		2038
569		41529		6593		2038
570		41529		6593		2038
571		41529		6593		2038
572		41529		6593		2038
573		41529		6593		2038
574		41529		6593		2038
575		41529		6593		2038
576		41529		6593		2038
577		41529		6593		2038
578		41529		6593		2038
579		41529		6593		2038
580		41529		6593		2038
581		41529		6593		2038
582		41529		6593		2038
583		41529		6593		2038
584		41529		6593		2038
585		41529		6593		2038
586		41529		6593		2038
587		41529		6593		2038
588		41529		6593		2038
589		41529		6593		2038
590		41529		6593		2038
591		41529		6593		2038
592		41529		6593		2038
593		41529		6593		2038
594		41529		6593		2038
595		41529		6593		2038
596		41529		6593		2038
597		41529		6593		2038
598		41529		6593		2038
599		41529		6593		2038
600		41529		6593		2038
601		41529		6593		2038
602		41529		6593		2038
603		41529		6593		2038
604		41529		6593		2038
605		41529		6593		2038
606		41529		6593		2038
607		41529		6593		2038
608		41529		6593		2038
609		41529		6593		2038
610		41529		6593		2038
611		41529		6593		2038
612		41529		6593		2038
613		41529		6593		2038
614		41529		6593		2038
615		41529		6593		2038
616		41529		6593		2038
617		41529		6593		2038
618		41529		6593		2038
619		41529		6593		2038
620		41529		6593		2038
621		41529		6593		2038
622		41529		6593		2038
623		41529		6593		2038
624		41529		6593		2038
625		41529		6593		2038
626		41529		6593		2038
627		41529		6593		2038
628		41529		6593		2038
629		41529		6593		2038
630		41529		6593		2038
631		41529		6593		2038
632		41529		6593		2038
633		41529		6593		2038
634		41529		6593		2038
635		41529		6593		2038
636		41529		6593		2038
637		41529		6593		2038
638		41529		6593		2038
639		41529		6593		2038
640		41529		6593		2038
641		41529		6593		2038
642		41529		6593		2038
643		41529		6593		2038
644		41529		6593		2038
645		41529		6593		2038
646		41529		6593		2038
647		41529		6593		2038
648		41529		6593		2038
649		41529		6593		2038
650		41529		6593		2038
651		41529		6593		2038
652		41529		6593		2038
653		41529		6593		2038
654		41529		6593		2038
655		41529		6593		2038
656		41529		6593		2038
657		41529		6593		2038
658		41529		6593		2038
659		41529		6593		2038
660		41529		6593		2038
661		41529		6593		2038
662		41529		6593		2038
663		41529		6593		2038
664		41529		6593		2038
665		41529		6593		2038
666		41529		6593		2038
667		41529		6593		2038
668		41529		6593		2038
669		41529		6593		2038
670		41529		6593		2038
671		41529		6593		2038
672		41529		6593		2038
673		41529		6593		2038
674		41529		6593		2038
675		41529		6593		2038
676		41529		6593		2038
677		41529		6593		2038
678		41529		6593		2038
679		41529		6593		2038
680		41529		6593		2038
681		41529		6593		2038
682		41529		6593		2038
683		41529		6593		2038
684		41529		6593		2038
685		41529		6593		2038
686		41529		6593		2038
687		41529		6593		2038
688		41529		6593		2038
689		41529		6593		2038
690		41529		6593		2038
691		41529		6593		2038
692		41529		6593		2038
693		41529		6593		2038
694		41529		6593		2038
695		41529		6593		2038
696		41529		6593		2038
697		41529		6593		2038
698		41529		6593		2038
699		41529		6593		2038
700		41529		6593		2038
701		41529		6593		2038
702		41529		6593		2038
703		41529		6593		2038
704		41529		6593		2038
705		41529		6593		2038
706		41529		6593		2038
707		41529		6593		2038
708		41529		6593		2038
709		41529		6593		2038
710		41529		6593		2038
711		41529		6593		2038
712		41529		6593		2038
713		41529		6593		2038
714		41529		6593		2038
715		41529		6593		2038
716		41529		6593		2038
717		41529		6593		2038
718		41529		6593		2038
719		41529		6593		2038
720		41529		6593		2038
721		41529		6593		2038
722		41529		6593		2038
723		41529		6593		2038
724		41529		6593		2038
725		41529		6593		2038
726		41529		6593		2038
727		41529		6593		2038
728		41529		6593		2038
729		41529		6593		2038
730		41529		6593		2038
731		41529		6593		2038
732		41529		6593		2038
733		41529		6593		2038
734		41529		6593		2038
735		41529		6593		2038
736		41529		6593		2038
737		41529		6593		2038
738		41529		6593		2038
739		41529		6593		2038
740		41529		6593		2038
741		41529		6593		2038
742		41529		6593		2038
743		41529		6593		2038
744		41529		6593		2038
745		41529		6593		2038
746		41529		6593		2038
747		41529		6593		2038
748		41529		6593		2038
749		41529		6593		2038
750		41529		6593		2038
751		41529		6593		2038
752		41529		6593		2038
753		41529		6593		2038
754		41529		6593		2038
755		41529		6593		2038
756		41529		6593		2038
757		41529		6593		2038
758		41529		6593		2038
759		41529		6593		2038
760		41529		6593		2038
761		41529		6593		2038
762		41529		6593		2038
763		41529		6593		2038
764		41529		6593		2038
765		41529		6593		2038
766		41529		6593		2038
767		41529		6593		2038
768		41529		6593		2038
769		41529		6593		2038
770		41529		6593		2038
771		41529		6593		2038
772		41529		6593		2038
773		41529		6593		2038
774		41529		6593		2038
775		41529		6593		2038
776		41529		6593		2038
777		41529		6593		2038
778		41529		6593		2038
779		41529		6593		2038
780		41529		6593		2038
781		41529		6593		2038
782		41529		6593		2038
783		41529		6593		2038
784		41529		6593		2038
785		41529		6593		2038
786		41529		6593		2038
787		41529		6593		2038
788		41529		6593		2038
789		41529		6593		2038
790		41529		6593		2038
791		41529		6593		2038
792		41529		6593		2038
793		41529		6593		2038
794		41529		6593		2038
795		41529		6593		2038
796		41529		6593		2038
797		41529		6593		2038
798		41529		6593		2038
799		41529		6593		2038
800		41529		6593		2038
801		41529		6593		2038
802		41529		6593		2038
803		41529		6593		2038
804		41529		6593		2038
805		41529		6593		2038
806		41529		6593		2038
807		41529		6593		2038
808		41529		6593		2038
809		41529		6593		2038
810		41529		6593		2038
811		41529		6593		2038
812		41529		6593		2038
813		41529		6593		2038
814		41529		6593		2038
815		41529		6593		2038
816		41529		6593		2038
817		41529		6593		2038
818		41529		6593		2038
819		41529		6593		2038
820		41529		6593		2038
821		41529		6593		2038
822		41529		6593		2038
823		41529		6593		2038
824		41529		6593		2038
825		41529		6593		2038
826		41529		6593		2038
827		41529		6593		2038
828		41529		6593		2038
829		41529		6593		2038
830		41529		6593		2038
831		41529		6593		2038
832		41529		6593		2038
833		41529		6593		2038
834		41529		6593		2038
835		41529		6593		2038
836		41529		6593		2038
837		41529		6593		2038
838		41529		6593		2038
839		41529		6593		2038
840		41529		6593		2038
841		41529		6593		2038
842		41529		6593		2038
843		41529		6593		2038
844		41529		6593		2038
845		41529		6593		2038
846		41529		6593		2038
847		41529		6593		2038
848		41529		6593		2038
849		41529		6593		2038
850		41529		6593		2038
851		41529		6593		2038
852		41529		6593		2038
853		41529		6593		2038
854		41529		6593		2038
855		41529		6593		2038
856		41529		6593		2038
857		41529		6593		2038
858		41529		6593		2038
859		41529		6593		2038
860		41529		6593		2038
861		41529		6593		2038
862		41529		6593		2038
863		41529		6593		2038
864		41529		6593		2038
865		41529		6593		2038
866		41529		6593		2038
867		41529		6593		2038
868		41529		6593		2038
869		41529		6593		2038
870		41529		6593		2038
871		41529		6593		2038
872		41529		6593		2038
873		41529		6593		2038
874		41529		6593		2038
875		41529		6593		2038
876		41529		6593		2038
877		41529		6593		2038
878		41529		6593		2038
879		41529		6593		2038
880		41529		6593		2038
881		41529		6593		2038
882		41529		6593		2038
883		41529		6593		2038
884		41529		6593		2038
885		41529		6593		2038
886		41529		6593		2038
887		41529		6593		2038
888		41529		6593		2038
889		41529		6593		2038
890		41529		6593		2038
891		41529		6593		2038
892		41529		6593		2038
893		41529		6593		2038
894		41529		6593		2038
895		41529		6593		2038
896		41529		6593		2038
897		41529		6593		2038
898		41529		6593		2038
899		41529		6593		2038
900		41529		6593		2038
901		41529		6593		2038
902		41529		6593		2038
903		41529		6593		2038
904		41529		6593		2038
905		41529		6593		2038
906		41529		6593		2038
907		41529		6593		2038
908		41529		6593		2038
909		41529		6593		2038
910		41529		6593		2038
911		41529		6593		2038
912		41529		6593		2038
913		41529		6593		2038
914		41529		6593		2038
915		41529		6593		2038
916		41529		6593		2038
917		41529		6593		2038
918		41529		6593		2038
919		41529		6593		2038
920		41529		6593		2038
921		41529		6593		2038
922		41529		6593		2038
923		41529		6593		2038
924		41529		6593		2038
925		41529		6593		2038
926		41529		6593		2038
927		41529		6593		2038
928		41529		6593		2038
929		41529		6593		2038
930		41529		6593		2038
931		41529		6593		2038
932		41529		6593		2038
933		41529		6593		2038
934		41529		6593		2038
935		41529		6593		2038
936		41529		6593		2038
937		41529		6593		2038
938		41529		6593		2038
939		41529		6593		2038
940		41529		6593		2038
941		41529		6593		2038
942		41529		6593		2038
943		41529		6593		2038
944		41529		6593		2038
945		41529		6593		2038
946		41529		6593		2038
947		41529		6593		2038
948		41529		6593		2038
949		41529		6593		2038
950		41529		6593		2038
951		41529		6593		2038
952		41529		6593		2038
953		41529		6593		2038
954		41529		6593		2038
955		41529		6593		2038
956		41529		6593		2038
957		41529		6593		2038
958		41529		6593		2038
959		41529		6593		2038
960		41529		6593		2038
961		41529		6593		2038
962		41529		6593		2038
963		41529		6593		2038
964		41529		6593		2038
965		41529		6593		2038
966		41529		6593		2038
967		41529		6593		2038
968		41529		6593		2038
969		41529		6593		2038
970		41529		6593		2038
971		41529		6593		2038
972		41529		6593		2038
973		41529		6593		2038
974		41529		6593		2038
975		41529		6593		2038
976		41529		6593		2038
977		41529		6593		2038
978		41529		6593		2038
979		41529		6593		2038
980		41529		6593		2038
981		41529		6593		2038
982		41529		6593		2038
983		41529		6593		2038
984		41529		6593		2038
985		41529		6593		2038
986		41529		6593		2038
987		41529		6593		2038
988		41529		6593		2038
989		41529		6593		2038
990		41529		6593		2038
991		41529		6593		2038
992		41529		6593		2038
993		41529		6593		2038
994		41529		6593		2038
995		41529		6593		2038
996		41529		6593		2038
997		41529		6593		2038
998		41529		6593		2038
999		41529		6593		2038
