# Migration is number of nodes that have changed color.

Round		Edge-Cut		Swaps		Migrations		Skipped
0		123314		2731		2068
1		123041		5462		2032
2		122797		8193		2061
3		123171		10924		2052
4		122854		13655		2047
5		123333		16386		2048
6		123082		19117		2049
7		123218		21848		2025
8		123173		24579		2053
9		122452		27310		2055
10		123031		30041		2047
11		123398		32772		2012
12		123060		35503		2007
13		123192		38234		2035
14		123184		40965		2076
15		123011		43696		2058
16		123120		46427		2053
17		123100		49158		2030
18		123114		51889		2030
19		122833		54620		2070
20		123124		57351		2020
21		123115		60082		2064
22		122991		62813		2057
23		122994		65544		2079
24		122653		68275		2062
25		123023		71006		2022
26		123158		73737		2050
27		123042		76468		2023
28		123095		79199		2060
29		122859		81930		2069
30		123114		84661		2045
31		123061		87392		2055
32		123018		90123		2072
33		123387		92854		2042
34		123381		95585		2101
35		123283		98316		2054
36		123089		101047		2052
37		122947		103778		2059
38		123125		106509		2042
39		123240		109240		2026
40		123076		111971		2042
41		122905		114702		2057
42		123202		117433		2077
43		123157		120164		2057
44		123045		122895		1996
45		123026		125626		2063
46		122886		128357		2079
47		123041		131088		2044
48		123382		133819		2065
49		123223		136550		2055
50		123236		139281		2038
51		122910		142012		2085
52		123200		144743		1985
53		122669		147474		2031
54		122635		150205		2041
55		122942		152936		2060
56		123487		155667		2036
57		122937		158398		2034
58		123350		161129		2077
59		122818		163860		2060
60		122912		166591		2098
61		123069		169322		2037
62		122928		172053		2044
63		123048		174784		2014
64		123207		177515		2082
65		123290		180246		2072
66		122893		182977		2002
67		122871		185708		2045
68		122505		188439		2061
69		122462		191170		2031
70		122828		193901		2054
71		123087		196632		2036
72		122767		199363		2063
73		122877		202094		2047
74		123046		204825		2094
75		122721		207556		2048
76		123148		210287		2030
77		122921		213018		2011
78		122914		215749		2052
79		123051		218480		2037
80		123349		221211		2028
81		123300		223942		2065
82		123250		226673		2068
83		123075		229404		2054
84		123358		232135		2044
85		123012		234866		2068
86		123019		237597		2007
87		123051		240328		2061
88		122992		243059		2051
89		123212		245790		2003
90		123214		248521		2046
91		123252		251252		2089
92		123300		253983		2025
93		123233		256714		2048
94		123088		259445		2043
95		123077		262176		2084
96		123205		264907		2048
97		123171		267638		2062
98		123331		270369		2049
99		123123		273100		2028
100		123087		275831		2040
101		123282		278562		2052
102		123172		281293		2024
103		122943		284024		2069
104		122915		286755		2053
105		122746		289486		2057
106		123238		292217		2034
107		122877		294948		2037
108		122943		297679		2023
109		123095		300410		2098
110		123219		303141		2056
111		123010		305872		2067
112		122957		308603		2049
113		122924		311334		2008
114		122668		314065		2048
115		122564		316796		2033
116		122442		319527		2020
117		122873		322258		2060
118		123049		324989		2051
119		122734		327720		2073
120		123007		330451		2035
121		123105		333182		2064
122		123146		335913		2054
123		123213		338644		2018
124		122955		341375		2064
125		123087		344106		2077
126		123098		346837		2018
127		123365		349568		2061
128		122320		352299		2039
129		122850		355030		2031
130		123265		357761		2022
131		123207		360492		2052
132		123423		363223		2059
133		122728		365954		2054
134		122897		368685		2016
135		122859		371416		2047
136		122992		374147		2056
137		123136		376878		2063
138		122696		379609		2027
139		123323		382340		2042
140		123123		385071		2033
141		123020		387802		2054
142		123206		390533		2039
143		123117		393264		2052
144		123202		395995		2038
145		123038		398726		2027
146		122797		401457		2024
147		122997		404188		2075
148		123305		406919		2029
149		123107		409650		2010
150		123112		412381		2048
151		123450		415112		2023
152		122734		417843		2058
153		123112		420574		2070
154		123060		423305		2008
155		122739		426036		2010
156		122402		428767		2076
157		123091		431498		2055
158		122870		434229		2072
159		123195		436960		2080
160		123276		439691		2053
161		123202		442422		2027
162		123404		445153		2032
163		123062		447884		2029
164		122959		450615		2040
165		123202		453346		2087
166		122956		456077		2076
167		123024		458808		2066
168		123264		461539		2065
169		123071		464270		2034
170		123227		467001		2023
171		123064		469732		2032
172		122877		472463		2064
173		123382		475194		2067
174		123428		477925		2074
175		123010		480656		2048
176		122969		483387		2027
177		123151		486118		2047
178		123186		488849		2033
179		123021		491580		2054
180		123121		494311		2024
181		122651		497042		2014
182		122134		499773		2001
183		122609		502504		2070
184		122681		505235		2071
185		122250		507966		2063
186		123069		510697		2037
187		122954		513428		2039
188		122631		516159		2021
189		122677		518890		2056
190		122458		521621		2024
191		122068		524352		2045
192		122652		527083		2061
193		122653		529814		2060
194		122840		532545		2052
195		123038		535276		2045
196		123096		538007		2064
197		123039		540738		2063
198		123146		543469		2040
199		123137		546200		2025
200		123000		548931		2044
201		123185		551662		2034
202		122818		554393		2039
203		122971		557124		2046
204		123071		559855		2041
205		123262		562586		2051
206		122980		565317		2027
207		123244		568048		2045
208		123353		570779		2085
209		123045		573510		2032
210		123054		576241		2024
211		123087		578972		2038
212		123287		581703		2031
213		123217		584434		2066
214		123131		587165		2065
215		123325		589896		2092
216		123465		592627		2081
217		123155		595358		2032
218		123105		598089		2066
219		122931		600820		2023
220		123330		603551		2002
221		123249		606282		2041
222		123389		609013		2059
223		123138		611744		2076
224		123194		614475		2051
225		122869		617206		2038
226		123012		619937		2023
227		123160		622668		2007
228		123186		625399		2033
229		122764		628130		2051
230		123042		630861		2030
231		122983		633592		2044
232		123142		636323		2070
233		122925		639054		2035
234		122758		641785		2056
235		122760		644516		2095
236		122787		647247		2094
237		123135		649978		2031
238		123227		652709		2005
239		123308		655440		2066
240		123079		658171		2062
241		123081		660902		2023
242		123073		663633		2086
243		122939		666364		2062
244		123083		669095		2046
245		123092		671826		2039
246		123291		674557		2047
247		123023		677288		2092
248		123172		680019		2047
249		123078		682750		2063
250		123328		685481		2084
251		123141		688212		2037
252		123203		690943		2023
253		122963		693674		2020
254		122996		696405		2037
255		123012		699136		2070
256		122905		701867		2040
257		123171		704598		2087
258		123235		707329		2076
259		123245		710060		2042
260		123202		712791		2005
261		123134		715522		2039
262		122697		718253		2067
263		123205		720984		2029
264		123157		723715		2080
265		123305		726446		2036
266		123017		729177		2044
267		123060		731908		2029
268		123008		734639		2081
269		123004		737370		2046
270		122848		740101		2048
271		122806		742832		2062
272		122897		745563		2061
273		123240		748294		2054
274		123033		751025		2032
275		122398		753756		2086
276		123199		756487		2055
277		123204		759218		2071
278		122827		761949		2040
279		122909		764680		2103
280		123011		767411		2031
281		123313		770142		2060
282		123373		772873		2074
283		122707		775604		2020
284		123044		778335		2064
285		123054		781066		2025
286		123371		783797		2039
287		123476		786528		2059
288		123132		789259		2065
289		123416		791990		2035
290		123147		794721		2017
291		123346		797452		2018
292		123015		800183		2040
293		123219		802914		2056
294		123297		805645		2058
295		122823		808376		2023
296		123105		811107		2063
297		123398		813838		2029
298		122977		816569		2097
299		123384		819300		2028
300		122878		822031		2050
301		123123		824762		2028
302		123035		827493		2018
303		123150		830224		2050
304		122899		832955		1996
305		123382		835686		2098
306		123297		838417		2058
307		122889		841148		2033
308		123190		843879		2059
309		122971		846610		1994
310		123177		849341		2022
311		122736		852072		2025
312		122807		854803		2046
313		123420		857534		2046
314		123223		860265		2045
315		123112		862996		2070
316		123056		865727		2071
317		122939		868458		2086
318		122914		871189		2029
319		123277		873920		2052
320		122897		876651		2083
321		123081		879382		2034
322		122718		882113		2083
323		122821		884844		2047
324		123203		887575		2051
325		122940		890306		2052
326		123294		893037		2079
327		122776		895768		2017
328		123147		898499		2035
329		122780		901230		2054
330		122943		903961		2065
331		123155		906692		2045
332		123340		909423		2055
333		123242		912154		2075
334		123299		914885		2092
335		122892		917616		2034
336		122868		920347		2070
337		123041		923078		2060
338		123032		925809		2009
339		122959		928540		2015
340		123193		931271		2045
341		123312		934002		2015
342		123126		936733		2044
343		123021		939464		2052
344		122919		942195		2068
345		123099		944926		2006
346		122855		947657		2060
347		123012		950388		2020
348		123203		953119		2081
349		122990		955850		2031
350		123015		958581		2055
351		122917		961312		2078
352		122940		964043		2041
353		123051		966774		2051
354		122810		969505		2048
355		123089		972236		2004
356		122533		974967		2051
357		122981		977698		2071
358		123176		980429		2041
359		123084		983160		2017
360		123086		985891		2048
361		123014		988622		2053
362		123041		991353		2019
363		123084		994084		2062
364		123065		996815		2018
365		122975		999546		2022
366		122879		1002277		2039
367		123035		1005008		2058
368		123369		1007739		2034
369		123169		1010470		2042
370		123237		1013201		2079
371		123027		1015932		2078
372		123274		1018663		2053
373		123057		1021394		2046
374		123316		1024125		2054
375		122834		1026856		2072
376		122988		1029587		2064
377		123168		1032318		2064
378		123063		1035049		2047
379		122839		1037780		2026
380		123054		1040511		2022
381		122625		1043242		2006
382		122526		1045973		2074
383		122943		1048704		2066
384		123174		1051435		2064
385		122674		1054166		2057
386		123198		1056897		2056
387		122974		1059628		2041
388		123121		1062359		2048
389		123131		1065090		2016
390		123002		1067821		2025
391		123248		1070552		2067
392		123032		1073283		2051
393		122403		1076014		2066
394		122810		1078745		2027
395		123214		1081476		2022
396		122751		1084207		2004
397		122696		1086938		2022
398		122711		1089669		2059
399		122994		1092400		2058
400		122865		1095131		2042
401		122866		1097862		2047
402		122797		1100593		2069
403		122709		1103324		2068
404		123083		1106055		2024
405		122634		1108786		2038
406		123073		1111517		2011
407		122927		1114248		2043
408		122808		1116979		2058
409		123149		1119710		2097
410		123270		1122441		2058
411		122870		1125172		2062
412		122738		1127903		2043
413		123103		1130634		2058
414		123196		1133365		2010
415		122844		1136096		2081
416		122843		1138827		2016
417		123196		1141558		2083
418		123076		1144289		2058
419		123130		1147020		2042
420		123084		1149751		2040
421		123010		1152482		2081
422		122970		1155213		2080
423		123207		1157944		2031
424		122609		1160675		2069
425		122419		1163406		2032
426		121774		1166137		2054
427		123126		1168868		2062
428		122705		1171599		2018
429		123250		1174330		2022
430		123161		1177061		2092
431		122966		1179792		2064
432		123291		1182523		2077
433		123198		1185254		2072
434		123105		1187985		2080
435		123035		1190716		2064
436		123008		1193447		2021
437		123095		1196178		2003
438		122798		1198909		2083
439		123034		1201640		2056
440		123275		1204371		2077
441		123176		1207102		2062
442		123001		1209833		2083
443		122927		1212564		2083
444		123120		1215295		2007
445		123116		1218026		2057
446		123278		1220757		2058
447		123207		1223488		2072
448		122827		1226219		2038
449		123045		1228950		2034
450		123066		1231681		2075
451		123271		1234412		2041
452		123165		1237143		2036
453		122970		1239874		2040
454		122931		1242605		2044
455		122870		1245336		2049
456		122967		1248067		2071
457		123164		1250798		2037
458		122943		1253529		2038
459		122749		1256260		2087
460		123017		1258991		2073
461		122831		1261722		2049
462		122828		1264453		2049
463		123214		1267184		2058
464		123284		1269915		2018
465		123411		1272646		2048
466		123298		1275377		2019
467		123255		1278108		2005
468		122977		1280839		2083
469		123101		1283570		2018
470		123347		1286301		2070
471		122864		1289032		2043
472		122881		1291763		2055
473		123030		1294494		2081
474		123226		1297225		2040
475		123238		1299956		2024
476		123083		1302687		2063
477		123219		1305418		2084
478		123015		1308149		2028
479		123091		1310880		2047
480		122769		1313611		2095
481		123029		1316342		2076
482		123022		1319073		2044
483		123038		1321804		2046
484		123052		1324535		2052
485		123082		1327266		2066
486		123294		1329997		2045
487		123057		1332728		2036
488		123090		1335459		2038
489		123264		1338190		2064
490		123226		1340921		2054
491		122905		1343652		2073
492		123135		1346383		2067
493		122897		1349114		2079
494		123004		1351845		2071
495		123007		1354576		2076
496		122942		1357307		2078
497		123069		1360038		2027
498		122267		1362769		2040
499		122794		1365500		2023
500		123350		1368231		2078
501		123095		1370962		2057
502		123162		1373693		2005
503		122970		1376424		2059
504		123056		1379155		2017
505		122683		1381886		2048
506		123013		1384617		2033
507		123013		1387348		2014
508		122962		1390079		2041
509		123062		1392810		2059
510		122828		1395541		2031
511		123330		1398272		2039
512		122745		1401003		2042
513		122518		1403734		2073
514		123146		1406465		2058
515		122587		1409196		2069
516		122813		1411927		2028
517		122984		1414658		2031
518		122501		1417389		2078
519		122462		1420120		2051
520		123219		1422851		2047
521		122859		1425582		2049
522		122916		1428313		2079
523		123023		1431044		2055
524		123159		1433775		2028
525		123019		1436506		2037
526		123062		1439237		2053
527		123017		1441968		2034
528		122853		1444699		2042
529		122950		1447430		2037
530		122940		1450161		2046
531		123115		1452892		2063
532		123377		1455623		1998
533		123086		1458354		2083
534		122980		1461085		2043
535		123310		1463816		2060
536		122969		1466547		2074
537		123293		1469278		2039
538		123141		1472009		2034
539		123081		1474740		2065
540		123006		1477471		2017
541		123203		1480202		2062
542		122777		1482933		2057
543		123259		1485664		2045
544		122363		1488395		2057
545		123359		1491126		2023
546		122934		1493857		2048
547		122867		1496588		2032
548		122429		1499319		2040
549		122898		1502050		2054
550		122854		1504781		2075
551		123238		1507512		2063
552		122753		1510243		2070
553		122634		1512974		2092
554		122696		1515705		2030
555		123196		1518436		2068
556		122768		1521167		2049
557		123277		1523898		2056
558		122599		1526629		2082
559		122946		1529360		2053
560		122489		1532091		2082
561		122530		1534822		2066
562		123105		1537553		2051
563		122879		1540284		2050
564		122659		1543015		2047
565		123086		1545746		2036
566		123151		1548477		2030
567		123113		1551208		2040
568		123325		1553939		2035
569		123191		1556670		2053
570		123202		1559401		2056
571		123263		1562132		2075
572		122976		1564863		2108
573		122930		1567594		2062
574		122775		1570325		2050
575		123226		1573056		1980
576		123066		1575787		2054
577		123233		1578518		2047
578		123047		1581249		2050
579		123088		1583980		2055
580		122983		1586711		2043
581		123213		1589442		2063
582		123130		1592173		2068
583		123075		1594904		2070
584		122984		1597635		2061
585		122945		1600366		2035
586		123145		1603097		2079
587		123363		1605828		2046
588		123030		1608559		2032
589		123208		1611290		2023
590		123229		1614021		2086
591		123256		1616752		2020
592		123129		1619483		2000
593		123283		1622214		2081
594		123029		1624945		2018
595		123139		1627676		2034
596		122926		1630407		2071
597		122961		1633138		2025
598		122994		1635869		2049
599		122473		1638600		2071
600		122886		1641331		2060
601		123188		1644062		2054
602		123004		1646793		2054
603		122404		1649524		2032
604		123104		1652255		2036
605		122849		1654986		2056
606		122835		1657717		2034
607		123066		1660448		2034
608		122954		1663179		2060
609		123115		1665910		2065
610		122730		1668641		2083
611		122775		1671372		2067
612		122524		1674103		2047
613		122903		1676834		2054
614		123254		1679565		2079
615		122339		1682296		2020
616		122956		1685027		2062
617		122597		1687758		2044
618		123061		1690489		2024
619		122609		1693220		2071
620		122675		1695951		2030
621		122709		1698682		2061
622		122159		1701413		2075
623		121611		1704144		2044
624		122731		1706875		2049
625		122252		1709606		2042
626		122792		1712337		2040
627		122083		1715068		2074
628		122812		1717799		2030
629		122469		1720530		2037
630		122539		1723261		1989
631		122543		1725992		2065
632		122618		1728723		2043
633		123031		1731454		2054
634		123267		1734185		2093
635		123247		1736916		2031
636		122270		1739647		2039
637		122861		1742378		2025
638		123003		1745109		2078
639		122813		1747840		2076
640		122759		1750571		2016
641		123054		1753302		2055
642		122995		1756033		2059
643		123190		1758764		2003
644		122889		1761495		2020
645		122834		1764226		2066
646		123114		1766957		2046
647		123135		1769688		2030
648		122766		1772419		2064
649		123100		1775150		2037
650		123140		1777881		2001
651		122840		1780612		2041
652		122730		1783343		2057
653		123250		1786074		2033
654		122839		1788805		2065
655		123069		1791536		2050
656		123154		1794267		2075
657		122758		1796998		2054
658		122995		1799729		2053
659		122860		1802460		2017
660		123019		1805191		2071
661		123151		1807922		2032
662		123205		1810653		2047
663		122813		1813384		2070
664		123015		1816115		2078
665		123216		1818846		2033
666		122864		1821577		2038
667		123168		1824308		2080
668		123395		1827039		2060
669		123145		1829770		2081
670		122838		1832501		2063
671		123384		1835232		2072
672		123120		1837963		2038
673		122746		1840694		2044
674		123092		1843425		2037
675		122839		1846156		2039
676		123033		1848887		1990
677		122913		1851618		2106
678		123052		1854349		2035
679		122873		1857080		2046
680		122719		1859811		2036
681		122913		1862542		2089
682		123083		1865273		2057
683		122703		1868004		2047
684		122152		1870735		2018
685		123126		1873466		2033
686		122699		1876197		2028
687		122941		1878928		2099
688		123136		1881659		2044
689		123200		1884390		2072
690		123022		1887121		2075
691		123067		1889852		2055
692		122666		1892583		2044
693		123114		1895314		2041
694		123113		1898045		2036
695		123015		1900776		2045
696		122933		1903507		2032
697		122846		1906238		2065
698		122981		1908969		2032
699		123124		1911700		2045
700		122845		1914431		2080
701		122868		1917162		2072
702		123140		1919893		2020
703		122842		1922624		2027
704		122946		1925355		2059
705		122432		1928086		2035
706		123024		1930817		2043
707		123080		1933548		2076
708		122770		1936279		2059
709		122998		1939010		2027
710		123406		1941741		2055
711		122928		1944472		2035
712		122866		1947203		2040
713		123156		1949934		2062
714		122928		1952665		2047
715		122430		1955396		2026
716		122782		1958127		2036
717		122329		1960858		2065
718		123244		1963589		1995
719		123003		1966320		2031
720		122787		1969051		2033
721		123232		1971782		2030
722		123263		1974513		2025
723		123123		1977244		2041
724		122909		1979975		2036
725		122973		1982706		2045
726		122274		1985437		2082
727		123029		1988168		2028
728		122963		1990899		2048
729		122736		1993630		2057
730		122680		1996361		2045
731		122477		1999092		2075
732		122629		2001823		2062
733		122922		2004554		2038
734		122685		2007285		2045
735		123089		2010016		2073
736		122481		2012747		2103
737		122959		2015478		2069
738		123096		2018209		2014
739		122814		2020940		2023
740		122856		2023671		2048
741		123020		2026402		2031
742		122869		2029133		2089
743		122864		2031864		2056
744		122908		2034595		2033
745		122843		2037326		2021
746		123062		2040057		2054
747		123256		2042788		2040
748		122789		2045519		2080
749		123126		2048250		2056
750		122998		2050981		2073
751		122942		2053712		2084
752		123172		2056443		2059
753		123401		2059174		2036
754		122803		2061905		2053
755		122943		2064636		2051
756		123117		2067367		2036
757		122840		2070098		2080
758		123211		2072829		2066
759		122866		2075560		2046
760		123309		2078291		2095
761		122739		2081022		2077
762		122682		2083753		2027
763		122811		2086484		2046
764		123109		2089215		2007
765		122926		2091946		2050
766		123162		2094677		2058
767		122915		2097408		2062
768		122812		2100139		2072
769		123042		2102870		2074
770		122959		2105601		2053
771		123201		2108332		2061
772		123343		2111063		2062
773		123051		2113794		2068
774		122840		2116525		2072
775		122930		2119256		1999
776		123281		2121987		2066
777		123422		2124718		2046
778		122985		2127449		2068
779		123102		2130180		2037
780		123078		2132911		2021
781		123048		2135642		2043
782		122764		2138373		2047
783		123038		2141104		2056
784		122868		2143835		2054
785		123088		2146566		2038
786		122529		2149297		2070
787		122843		2152028		2044
788		122765		2154759		2027
789		123094		2157490		2028
790		122966		2160221		2088
791		122786		2162952		2078
792		122866		2165683		2038
793		122673		2168414		2057
794		122781		2171145		2052
795		122839		2173876		2021
796		122920		2176607		2037
797		123241		2179338		2032
798		123066		2182069		2070
799		122895		2184800		2066
800		122862		2187531		2018
801		122904		2190262		2023
802		122601		2192993		2065
803		122974		2195724		2050
804		122884		2198455		2026
805		123280		2201186		2038
806		122923		2203917		2057
807		122842		2206648		2029
808		122777		2209379		2045
809		122644		2212110		2059
810		122893		2214841		2020
811		122546		2217572		2038
812		122844		2220303		2062
813		123070		2223034		2064
814		122647		2225765		2079
815		122995		2228496		2053
816		122437		2231227		2067
817		122933		2233958		2055
818		123003		2236689		2048
819		122995		2239420		2064
820		123051		2242151		2035
821		123012		2244882		2041
822		123095		2247613		2038
823		123173		2250344		2031
824		122785		2253075		2016
825		122489		2255806		2063
826		122958		2258537		2064
827		122845		2261268		2080
828		123362		2263999		2006
829		122824		2266730		2016
830		122445		2269461		2047
831		122917		2272192		2010
832		122512		2274923		2067
833		122602		2277654		2019
834		122475		2280385		2080
835		122776		2283116		2102
836		122669		2285847		2078
837		122446		2288578		2040
838		122437		2291309		2077
839		122837		2294040		2030
840		123082		2296771		2054
841		122962		2299502		2039
842		122836		2302233		2059
843		123163		2304964		2013
844		122615		2307695		2021
845		122684		2310426		2117
846		122976		2313157		2040
847		122651		2315888		2033
848		122652		2318619		2055
849		122480		2321350		2059
850		122292		2324081		2068
851		122612		2326812		2028
852		122688		2329543		2069
853		122814		2332274		2035
854		122485		2335005		2014
855		122848		2337736		2062
856		122999		2340467		2069
857		122627		2343198		2060
858		122546		2345929		2052
859		122141		2348660		2044
860		121730		2351391		2057
861		122231		2354122		2050
862		122031		2356853		2017
863		121150		2359584		1985
864		119739		2362315		2044
865		117077		2365046		2047
866		108709		2367777		2042
867		99842		2370508		2095
868		88188		2373238		2035
869		81492		2375968		2063
870		76232		2378695		2039
871		74163		2381423		2049
872		70058		2384150		2065
873		70761		2386880		2035
874		69336		2389607		2063
875		67130		2392335		2037
876		65108		2395064		2024
877		62984		2397791		2040
878		62595		2400522		2045
879		60674		2403250		2051
880		61162		2405978		2086
881		61164		2408704		2066
882		61305		2411431		2069
883		62076		2414162		2054
884		61351		2416889		2084
885		61765		2419614		2056
886		62656		2422343		2045
887		61852		2425071		2089
888		61917		2427802		2078
889		61020		2430530		2066
890		60599		2433256		2069
891		61484		2435981		2022
892		61303		2438708		2039
893		60346		2441436		2068
894		60744		2444163		2021
895		60711		2446889		2073
896		59866		2449618		2067
897		59527		2452346		2038
898		58707		2455074		2048
899		59284		2457802		2090
900		59390		2460531		2057
901		59024		2463259		2061
902		59559		2465990		2060
903		59131		2468716		2047
904		59653		2471444		2080
905		59133		2474172		2036
906		59568		2476898		2043
907		58907		2479628		2078
908		59390		2482356		2069
909		58929		2485082		2051
910		56753		2487810		2038
911		57762		2490538		2045
912		56970		2493269		2024
913		56755		2495997		2056
914		57414		2498724		2042
915		57571		2501452		2067
916		56981		2504178		2079
917		57281		2506905		2064
918		57447		2509629		2080
919		58994		2512352		2045
920		59034		2515080		2053
921		57850		2517804		2044
922		58065		2520532		2028
923		58204		2523258		2044
924		57893		2525988		2080
925		57270		2528718		2054
926		56912		2531448		2054
927		56997		2534177		2055
928		57418		2536903		2069
929		57013		2539633		2073
930		55897		2542356		2060
931		56716		2545085		2046
932		56251		2547812		2048
933		56337		2550535		2074
934		57299		2553261		2053
935		57467		2555987		2072
936		57646		2558710		2038
937		58028		2561433		2029
938		56669		2564157		2047
939		57422		2566876		2029
940		56269		2569597		2041
941		55243		2572314		2047
942		53453		2575031		2038
943		52356		2577728		2040
944		50232		2580434		2041
945		50546		2583136		2032
946		49940		2585843		2053
947		50620		2588549		2096
948		50346		2591239		2077
949		49714		2593936		2069
950		49304		2596644		2069
951		49382		2599321		2045
952		48793		2602003		2068
953		48689		2604701		2068
954		49145		2607394		2063
955		48621		2610086		2074
956		49481		2612775		2042
957		50127		2615469		2055
958		49733		2618165		2068
959		50376		2620853		2053
960		49327		2623547		2065
961		49704		2626244		2049
962		50033		2628930		2053
963		50058		2631611		2064
964		50000		2634297		2076
965		49050		2636982		2040
966		49787		2639667		2072
967		49293		2642366		2058
968		49511		2645060		2055
969		49828		2647733		2051
970		50328		2650435		2076
971		50164		2653119		2083
972		50865		2655803		2072
973		49532		2658504		2050
974		49684		2661193		2059
975		49701		2663877		2063
976		49052		2666573		2060
977		49726		2669255		2058
978		49752		2671941		2069
979		49192		2674630		2066
980		49238		2677311		2065
981		49586		2680000		2057
982		49120		2682689		2052
983		49884		2685379		2076
984		48941		2688063		2073
985		49075		2690757		2064
986		49431		2693448		2060
987		49732		2696132		2065
988		50247		2698825		2058
989		50357		2701520		2052
990		49362		2704214		2079
991		49150		2706907		2073
992		48681		2709590		2075
993		48815		2712279		2067
994		49147		2714965		2057
995		49458		2717649		2075
996		49120		2720341		2063
997		47301		2723034		2070
998		47295		2725719		2062
999		47771		2728394		2049
1000		48423		2731081		2052
1001		48575		2733771		2056
1002		48784		2736460		2067
1003		48597		2739150		2071
1004		48311		2741824		2067
1005		48009		2744521		2058
1006		48520		2747206		2066
1007		48716		2749895		2059
1008		49462		2752585		2063
1009		49093		2755270		2042
1010		49104		2757958		2039
1011		49348		2760642		2057
1012		49681		2763326		2069
1013		49903		2766007		2067
1014		48578		2768684		2074
1015		49131		2771361		2061
1016		48638		2774051		2048
1017		48965		2776724		2055
1018		48720		2779420		2049
1019		48410		2782112		2034
1020		48916		2784792		2050
1021		47866		2787471		2044
1022		48680		2790151		2048
1023		48143		2792855		2049
1024		48203		2795538		2057
1025		48279		2798231		2070
1026		47462		2800917		2054
1027		47908		2803605		2039
1028		47203		2806286		2053
1029		47195		2808972		2060
1030		45985		2811650		2076
1031		46470		2814322		2065
1032		46540		2817010		2063
1033		46130		2819681		2066
1034		47145		2822360		2064
1035		46267		2825029		2071
1036		46278		2827708		2075
1037		47091		2830385		2076
1038		46517		2833053		2066
1039		46713		2835743		2069
1040		46393		2838418		2063
1041		46788		2841090		2050
1042		46845		2843756		2058
1043		46601		2846426		2058
1044		46947		2849114		2071
1045		46769		2851785		2059
1046		46726		2854451		2064
1047		46728		2857125		2076
1048		46152		2859814		2090
1049		46428		2862492		2087
1050		46142		2865176		2080
1051		46546		2867843		2082
1052		46608		2870521		2075
1053		46681		2873192		2090
1054		46313		2875871		2077
1055		46519		2878548		2060
1056		45603		2881233		2083
1057		45071		2883904		2066
1058		45349		2886566		2058
1059		45980		2889240		2061
1060		45486		2891921		2063
1061		45546		2894592		2059
1062		45475		2897270		2056
1063		46128		2899937		2063
1064		45930		2902617		2061
1065		46305		2905298		2062
1066		45541		2907971		2055
1067		45319		2910657		2058
1068		44955		2913323		2069
1069		45021		2915990		2055
1070		45098		2918659		2065
1071		45146		2921323		2078
1072		45209		2923994		2080
1073		45036		2926657		2063
1074		45113		2929321		2065
1075		45160		2931990		2060
1076		44917		2934659		2058
1077		44632		2937319		2065
1078		45109		2939992		2064
1079		45679		2942652		2057
1080		45403		2945316		2069
1081		45099		2947988		2066
1082		44619		2950651		2082
1083		44891		2953313		2067
1084		44986		2955980		2055
1085		45439		2958644		2045
1086		45366		2961325		2061
1087		44941		2964000		2058
1088		44520		2966674		2041
1089		44753		2969335		2045
1090		44799		2972004		2053
1091		44342		2974674		2058
1092		44766		2977335		2042
1093		44519		2980015		2048
1094		44512		2982694		2063
1095		44612		2985375		2058
1096		44867		2988049		2066
1097		44867		2990705		2061
1098		44858		2993383		2055
1099		45559		2996055		2062
1100		45885		2998729		2047
1101		45255		3001401		2064
1102		45037		3004079		2048
1103		45097		3006742		2055
1104		44821		3009398		2068
1105		44383		3012052		2062
1106		44394		3014717		2061
1107		44422		3017383		2062
1108		44694		3020053		2064
1109		44740		3022710		2053
1110		44182		3025377		2052
1111		43779		3028034		2055
1112		44053		3030716		2055
1113		44105		3033385		2070
1114		44397		3036054		2071
1115		44499		3038714		2079
1116		44427		3041376		2067
1117		44337		3044045		2067
1118		44007		3046718		2074
1119		44294		3049385		2082
1120		44836		3052048		2066
1121		44952		3054727		2066
1122		44652		3057392		2072
1123		44344		3060063		2077
1124		44490		3062730		2076
1125		44691		3065393		2056
1126		44959		3068055		2045
1127		44997		3070708		2054
1128		44796		3073379		2051
1129		45281		3076040		2061
1130		44594		3078727		2075
1131		44083		3081400		2069
1132		44522		3084068		2059
1133		44726		3086726		2059
1134		44772		3089407		2056
1135		44597		3092063		2055
1136		44166		3094726		2049
1137		44243		3097379		2053
1138		44444		3100040		2063
1139		44534		3102695		2061
1140		44585		3105366		2059
1141		44429		3108030		2071
1142		44505		3110699		2066
1143		43930		3113361		2089
1144		44191		3116030		2099
1145		43938		3118689		2085
1146		43675		3121359		2072
1147		43458		3124024		2067
1148		43349		3126671		2053
1149		43451		3129321		2073
1150		43609		3131990		2066
1151		43349		3134657		2057
1152		43152		3137329		2066
1153		43077		3139985		2065
1154		43100		3142631		2076
1155		43118		3145278		2072
1156		43261		3147939		2064
1157		43529		3150614		2056
1158		43650		3153278		2048
1159		43794		3155937		2064
1160		43547		3158610		2061
1161		43412		3161273		2064
1162		43537		3163943		2069
1163		43127		3166614		2067
1164		43440		3169273		2061
1165		43296		3171944		2056
1166		43430		3174609		2059
1167		43453		3177263		2051
1168		43492		3179926		2056
1169		43977		3182576		2066
1170		43862		3185238		2055
1171		43571		3187885		2063
1172		43343		3190553		2076
1173		43085		3193211		2077
1174		42976		3195858		2074
1175		42910		3198510		2087
1176		42671		3201174		2065
1177		42627		3203818		2072
1178		42791		3206470		2072
1179		42811		3209132		2063
1180		42791		3211785		2071
1181		42723		3214444		2073
1182		42767		3217101		2077
1183		42535		3219757		2090
1184		42577		3222419		2086
1185		42609		3225086		2080
1186		42750		3227728		2074
1187		42710		3230405		2058
1188		42808		3233050		2059
1189		42667		3235694		2070
1190		42668		3238350		2086
1191		42716		3241010		2078
1192		42759		3243671		2066
1193		42793		3246327		2075
1194		42508		3248969		2072
1195		42426		3251626		2067
1196		42519		3254278		2066
1197		42375		3256935		2070
1198		42536		3259612		2062
1199		42361		3262277		2060
1200		42356		3264936		2060
1201		42205		3267591		2067
1202		42295		3270242		2056
1203		42223		3272879		2070
1204		42152		3275529		2069
1205		42211		3278175		2060
1206		42315		3280824		2064
1207		42204		3283477		2060
1208		42460		3286126		2074
1209		42361		3288762		2068
1210		42476		3291404		2059
1211		42503		3294070		2054
1212		42492		3296731		2050
1213		42436		3299395		2060
1214		42181		3302038		2063
1215		42182		3304703		2062
1216		42066		3307343		2055
1217		42315		3309990		2063
1218		42363		3312634		2060
1219		42224		3315286		2056
1220		42071		3317931		2066
1221		42070		3320567		2069
1222		42233		3323233		2068
1223		42238		3325889		2070
1224		42196		3328541		2074
1225		42100		3331192		2080
1226		42042		3333855		2080
1227		41979		3336504		2081
1228		41995		3339150		2078
1229		41872		3341808		2078
1230		41910		3344466		2079
1231		41923		3347105		2089
1232		41996		3349759		2081
1233		42038		3352394		2084
1234		42146		3355061		2083
1235		41941		3357709		2077
1236		41913		3360364		2073
1237		41862		3363010		2067
1238		41679		3365666		2069
1239		41643		3368305		2060
1240		41651		3370953		2060
1241		41700		3373609		2063
1242		41736		3376256		2062
1243		41653		3378891		2059
1244		41623		3381521		2061
1245		41649		3384168		2068
1246		41576		3386818		2065
1247		41549		3389482		2060
1248		41645		3392133		2065
1249		41686		3394779		2063
1250		41615		3397423		2068
1251		41560		3400073		2061
1252		41726		3402727		2064
1253		41595		3405388		2067
1254		41653		3408025		2070
1255		41719		3410655		2072
1256		41715		3413298		2073
1257		41775		3415942		2065
1258		41862		3418592		2063
1259		41821		3421221		2061
1260		41754		3423865		2054
1261		41726		3426517		2047
1262		41836		3429146		2051
1263		41775		3431786		2053
1264		41772		3434418		2048
1265		41841		3437050		2053
1266		41939		3439699		2047
1267		41823		3442359		2056
1268		41735		3445006		2058
1269		41729		3447653		2062
1270		41651		3450307		2067
1271		41640		3452961		2077
1272		41586		3455610		2069
1273		41493		3458252		2072
1274		41514		3460900		2063
1275		41610		3463540		2065
1276		41562		3466180		2062
1277		41497		3468806		2067
1278		41517		3471436		2068
1279		41503		3474087		2067
1280		41498		3476739		2068
1281		41554		3479389		2067
1282		41545		3482035		2068
1283		41506		3484664		2070
1284		41436		3487299		2074
1285		41465		3489943		2070
1286		41551		3492591		2072
1287		41600		3495226		2074
1288		41602		3497880		2072
1289		41620		3500517		2069
1290		41568		3503178		2065
1291		41523		3505817		2072
1292		41452		3508455		2062
1293		41432		3511106		2060
1294		41425		3513761		2065
1295		41360		3516407		2061
1296		41357		3519038		2057
1297		41351		3521692		2060
1298		41426		3524326		2059
1299		41424		3526967		2059
1300		41434		3529599		2062
1301		41405		3532256		2064
1302		41340		3534913		2061
1303		41314		3537549		2069
1304		41306		3540190		2068
1305		41397		3542820		2072
1306		41407		3545468		2067
1307		41381		3548126		2072
1308		41351		3550764		2072
1309		41352		3553401		2069
1310		41423		3556033		2069
1311		41364		3558664		2068
1312		41348		3561297		2066
1313		41344		3563940		2069
1314		41340		3566581		2066
1315		41260		3569238		2065
1316		41260		3571884		2064
1317		41271		3574516		2062
1318		41267		3577158		2064
1319		41259		3579792		2067
1320		41282		3582430		2060
1321		41278		3585063		2064
1322		41275		3587703		2065
1323		41267		3590335		2065
1324		41268		3592969		2067
1325		41260		3595590		2068
1326		41259		3598236		2064
1327		41259		3600876		2063
1328		41256		3603527		2064
1329		41251		3606168		2064
1330		41249		3608813		2062
1331		41246		3611451		2061
1332		41246		3614087		2062
1333		41246		3616706		2064
1334		41238		3616712		2067
1335		41236		3616716		2067
1336		41244		3616723		2068
1337		41241		3616732		2069
1338		41241		3616736		2070
1339		41236		3616744		2067
1340		41215		3616748		2067
1341		41200		3616755		2069
1342		41185		3616764		2067
1343		41182		3616768		2066
1344		41176		3616772		2069
1345		41172		3616777		2068
1346		41171		3616780		2068
1347		41169		3616782		2068
1348		41174		3616787		2067
1349		41173		3616788		2068
1350		41158		3616791		2069
1351		41157		3616795		2067
1352		41161		3616798		2070
1353		41156		3616800		2068
1354		41149		3616801		2068
1355		41179		3616802		2066
1356		41177		3616803		2065
1357		41179		3616807		2065
1358		41179		3616807		2065
1359		41176		3616809		2064
1360		41176		3616809		2064
1361		41176		3616809		2064
1362		41176		3616809		2064
1363		41174		3616810		2065
1364		41173		3616811		2066
1365		41175		3616813		2065
1366		41173		3616815		2066
1367		41172		3616816		2067
1368		41168		3616817		2066
1369		41168		3616817		2066
1370		41168		3616817		2066
1371		41168		3616817		2066
1372		41168		3616817		2066
1373		41168		3616817		2066
1374		41168		3616817		2066
1375		41167		3616818		2068
1376		41167		3616818		2068
1377		41166		3616819		2068
1378		41166		3616819		2068
1379		41165		3616820		2068
1380		41165		3616820		2068
1381		41160		3616821		2067
1382		41160		3616821		2067
1383		41160		3616821		2067
1384		41160		3616821		2067
1385		41160		3616821		2067
1386		41160		3616821		2067
1387		41159		3616822		2065
1388		41159		3616822		2065
1389		41159		3616822		2065
1390		41159		3616822		2065
1391		41159		3616822		2065
1392		41159		3616822		2065
1393		41159		3616822		2065
1394		41159		3616822		2065
1395		41159		3616822		2065
1396		41159		3616822		2065
1397		41159		3616822		2065
1398		41159		3616822		2065
1399		41159		3616822		2065
1400		41159		3616822		2065
1401		41159		3616822		2065
1402		41159		3616822		2065
1403		41159		3616822		2065
1404		41118		3616823		2066
1405		41113		3616824		2066
1406		41113		3616824		2066
1407		41110		3616825		2067
1408		41110		3616825		2067
1409		41110		3616825		2067
1410		41110		3616825		2067
1411		41110		3616825		2067
1412		41110		3616825		2067
1413		41110		3616825		2067
1414		41110		3616825		2067
1415		41110		3616825		2067
1416		41110		3616825		2067
1417		41110		3616825		2067
1418		41110		3616825		2067
1419		41110		3616825		2067
1420		41110		3616825		2067
1421		41105		3616826		2067
1422		41105		3616826		2067
1423		41105		3616826		2067
1424		41105		3616826		2067
1425		41105		3616826		2067
1426		41107		3616827		2066
1427		41107		3616827		2066
1428		41107		3616827		2066
1429		41107		3616827		2066
1430		41107		3616827		2066
1431		41107		3616827		2066
1432		41105		3616828		2066
1433		41105		3616828		2066
1434		41105		3616828		2066
1435		41105		3616828		2066
1436		41105		3616828		2066
1437		41105		3616828		2066
1438		41105		3616828		2066
1439		41105		3616828		2066
1440		41105		3616828		2066
1441		41105		3616828		2066
1442		41105		3616828		2066
1443		41105		3616828		2066
1444		41105		3616828		2066
1445		41105		3616828		2066
1446		41105		3616828		2066
1447		41105		3616828		2066
1448		41105		3616828		2066
1449		41105		3616828		2066
1450		41105		3616828		2066
1451		41105		3616828		2066
1452		41105		3616828		2066
1453		41105		3616828		2066
1454		41105		3616828		2066
1455		41104		3616829		2065
1456		41104		3616829		2065
1457		41104		3616829		2065
1458		41104		3616829		2065
1459		41104		3616829		2065
1460		41104		3616829		2065
1461		41104		3616829		2065
1462		41104		3616829		2065
1463		41104		3616829		2065
1464		41104		3616829		2065
1465		41104		3616829		2065
1466		41103		3616830		2064
1467		41103		3616830		2064
1468		41101		3616831		2064
1469		41101		3616831		2064
1470		41101		3616831		2064
1471		41101		3616831		2064
1472		41101		3616831		2064
1473		41101		3616831		2064
1474		41101		3616831		2064
1475		41101		3616831		2064
1476		41101		3616831		2064
1477		41101		3616831		2064
1478		41101		3616831		2064
1479		41101		3616831		2064
1480		41101		3616831		2064
1481		41101		3616831		2064
1482		41101		3616831		2064
1483		41101		3616831		2064
1484		41101		3616831		2064
1485		41101		3616831		2064
1486		41101		3616831		2064
1487		41101		3616831		2064
1488		41101		3616831		2064
1489		41101		3616831		2064
1490		41101		3616831		2064
1491		41101		3616831		2064
1492		41101		3616831		2064
1493		41101		3616831		2064
1494		41101		3616831		2064
1495		41101		3616831		2064
1496		41101		3616831		2064
1497		41101		3616831		2064
1498		41101		3616831		2064
1499		41101		3616831		2064
1500		41101		3616831		2064
1501		41101		3616831		2064
1502		41101		3616831		2064
1503		41101		3616831		2064
1504		41101		3616831		2064
1505		41101		3616831		2064
1506		41101		3616831		2064
1507		41101		3616831		2064
1508		41101		3616831		2064
1509		41101		3616831		2064
1510		41101		3616831		2064
1511		41101		3616831		2064
1512		41101		3616831		2064
1513		41101		3616831		2064
1514		41101		3616831		2064
1515		41101		3616831		2064
1516		41101		3616831		2064
1517		41101		3616831		2064
1518		41101		3616831		2064
1519		41101		3616831		2064
1520		41101		3616831		2064
1521		41101		3616831		2064
1522		41101		3616831		2064
1523		41101		3616831		2064
1524		41101		3616831		2064
1525		41101		3616831		2064
1526		41101		3616831		2064
1527		41101		3616831		2064
1528		41101		3616831		2064
1529		41101		3616831		2064
1530		41101		3616831		2064
1531		41101		3616831		2064
1532		41101		3616831		2064
1533		41101		3616831		2064
1534		41101		3616831		2064
1535		41101		3616831		2064
1536		41101		3616831		2064
1537		41101		3616831		2064
1538		41101		3616831		2064
1539		41101		3616831		2064
1540		41098		3616832		2063
1541		41098		3616832		2063
1542		41098		3616832		2063
1543		41098		3616832		2063
1544		41098		3616832		2063
1545		41098		3616832		2063
1546		41098		3616832		2063
1547		41100		3616833		2065
1548		41100		3616833		2065
1549		41099		3616834		2064
1550		41099		3616834		2064
1551		41099		3616834		2064
1552		41099		3616834		2064
1553		41099		3616834		2064
1554		41099		3616834		2064
1555		41099		3616834		2064
1556		41099		3616834		2064
1557		41099		3616834		2064
1558		41099		3616834		2064
1559		41099		3616834		2064
1560		41099		3616834		2064
1561		41099		3616834		2064
1562		41099		3616834		2064
1563		41099		3616834		2064
1564		41099		3616834		2064
1565		41099		3616834		2064
1566		41099		3616834		2064
1567		41099		3616834		2064
1568		41099		3616834		2064
1569		41099		3616834		2064
1570		41099		3616834		2064
1571		41099		3616834		2064
1572		41099		3616834		2064
1573		41099		3616834		2064
1574		41099		3616834		2064
1575		41099		3616834		2064
1576		41099		3616834		2064
1577		41099		3616834		2064
1578		41099		3616834		2064
1579		41099		3616834		2064
1580		41099		3616834		2064
1581		41099		3616834		2064
1582		41099		3616834		2064
1583		41099		3616834		2064
1584		41099		3616834		2064
1585		41099		3616834		2064
1586		41099		3616834		2064
1587		41099		3616834		2064
1588		41099		3616834		2064
1589		41099		3616834		2064
1590		41099		3616834		2064
1591		41099		3616834		2064
1592		41099		3616834		2064
1593		41099		3616834		2064
1594		41099		3616834		2064
1595		41099		3616834		2064
1596		41099		3616834		2064
1597		41099		3616834		2064
1598		41099		3616834		2064
1599		41099		3616834		2064
1600		41099		3616834		2064
1601		41099		3616834		2064
1602		41099		3616834		2064
1603		41099		3616834		2064
1604		41099		3616834		2064
1605		41099		3616834		2064
1606		41099		3616834		2064
1607		41099		3616834		2064
1608		41099		3616834		2064
1609		41099		3616834		2064
1610		41099		3616834		2064
1611		41099		3616834		2064
1612		41099		3616834		2064
1613		41099		3616834		2064
1614		41099		3616834		2064
1615		41099		3616834		2064
1616		41099		3616834		2064
1617		41099		3616834		2064
1618		41099		3616834		2064
1619		41099		3616834		2064
1620		41099		3616834		2064
1621		41099		3616834		2064
1622		41099		3616834		2064
1623		41099		3616834		2064
1624		41099		3616834		2064
1625		41099		3616834		2064
1626		41099		3616834		2064
1627		41099		3616834		2064
1628		41099		3616834		2064
1629		41099		3616834		2064
1630		41099		3616834		2064
1631		41099		3616834		2064
1632		41099		3616834		2064
1633		41099		3616834		2064
1634		41099		3616834		2064
1635		41099		3616834		2064
1636		41099		3616834		2064
1637		41099		3616834		2064
1638		41099		3616834		2064
1639		41099		3616834		2064
1640		41099		3616834		2064
1641		41099		3616834		2064
1642		41099		3616834		2064
1643		41099		3616834		2064
1644		41099		3616834		2064
1645		41099		3616834		2064
1646		41099		3616834		2064
1647		41099		3616834		2064
1648		41099		3616834		2064
1649		41099		3616834		2064
1650		41099		3616834		2064
1651		41099		3616834		2064
1652		41099		3616834		2064
1653		41099		3616834		2064
1654		41099		3616834		2064
1655		41099		3616834		2064
1656		41099		3616834		2064
1657		41099		3616834		2064
1658		41099		3616834		2064
1659		41099		3616834		2064
1660		41099		3616834		2064
1661		41099		3616834		2064
1662		41099		3616834		2064
1663		41099		3616834		2064
1664		41099		3616834		2064
1665		41099		3616834		2064
1666		41099		3616834		2064
1667		41099		3616834		2064
1668		41099		3616834		2064
1669		41099		3616834		2064
1670		41099		3616834		2064
1671		41099		3616834		2064
1672		41099		3616834		2064
1673		41099		3616834		2064
1674		41099		3616834		2064
1675		41099		3616834		2064
1676		41099		3616834		2064
1677		41099		3616834		2064
1678		41099		3616834		2064
1679		41099		3616834		2064
1680		41099		3616834		2064
1681		41099		3616834		2064
1682		41099		3616834		2064
1683		41099		3616834		2064
1684		41099		3616834		2064
1685		41099		3616834		2064
1686		41099		3616834		2064
1687		41099		3616834		2064
1688		41099		3616834		2064
1689		41099		3616834		2064
1690		41099		3616834		2064
1691		41099		3616834		2064
1692		41099		3616834		2064
1693		41099		3616834		2064
1694		41099		3616834		2064
1695		41099		3616834		2064
1696		41099		3616834		2064
1697		41099		3616834		2064
1698		41099		3616834		2064
1699		41099		3616834		2064
1700		41099		3616834		2064
1701		41099		3616834		2064
1702		41099		3616834		2064
1703		41099		3616834		2064
1704		41099		3616834		2064
1705		41099		3616834		2064
1706		41099		3616834		2064
1707		41099		3616834		2064
1708		41099		3616834		2064
1709		41099		3616834		2064
1710		41099		3616834		2064
1711		41099		3616834		2064
1712		41099		3616834		2064
1713		41099		3616834		2064
1714		41099		3616834		2064
1715		41099		3616834		2064
1716		41099		3616834		2064
1717		41099		3616834		2064
1718		41099		3616834		2064
1719		41099		3616834		2064
1720		41099		3616834		2064
1721		41099		3616834		2064
1722		41099		3616834		2064
1723		41099		3616834		2064
1724		41099		3616834		2064
1725		41099		3616834		2064
1726		41099		3616834		2064
1727		41099		3616834		2064
1728		41099		3616834		2064
1729		41099		3616834		2064
1730		41099		3616834		2064
1731		41099		3616834		2064
1732		41099		3616834		2064
1733		41099		3616834		2064
1734		41099		3616834		2064
1735		41099		3616834		2064
1736		41099		3616834		2064
1737		41099		3616834		2064
1738		41099		3616834		2064
1739		41099		3616834		2064
1740		41099		3616834		2064
1741		41099		3616834		2064
1742		41099		3616834		2064
1743		41099		3616834		2064
1744		41099		3616834		2064
1745		41099		3616834		2064
1746		41099		3616834		2064
1747		41099		3616834		2064
1748		41099		3616834		2064
1749		41099		3616834		2064
1750		41099		3616834		2064
1751		41099		3616834		2064
1752		41099		3616834		2064
1753		41099		3616834		2064
1754		41099		3616834		2064
1755		41099		3616834		2064
1756		41099		3616834		2064
1757		41099		3616834		2064
1758		41099		3616834		2064
1759		41099		3616834		2064
1760		41099		3616834		2064
1761		41099		3616834		2064
1762		41099		3616834		2064
1763		41099		3616834		2064
1764		41099		3616834		2064
1765		41099		3616834		2064
1766		41099		3616834		2064
1767		41099		3616834		2064
1768		41099		3616834		2064
1769		41099		3616834		2064
1770		41099		3616834		2064
1771		41099		3616834		2064
1772		41098		3616835		2065
1773		41098		3616835		2065
1774		41098		3616835		2065
1775		41098		3616835		2065
1776		41098		3616835		2065
1777		41098		3616835		2065
1778		41098		3616835		2065
1779		41098		3616835		2065
1780		41098		3616835		2065
1781		41098		3616835		2065
1782		41098		3616835		2065
1783		41098		3616835		2065
1784		41098		3616835		2065
1785		41098		3616835		2065
1786		41098		3616835		2065
1787		41098		3616835		2065
1788		41098		3616835		2065
1789		41098		3616835		2065
1790		41098		3616835		2065
1791		41098		3616835		2065
1792		41098		3616835		2065
1793		41098		3616835		2065
1794		41098		3616835		2065
1795		41098		3616835		2065
1796		41098		3616835		2065
1797		41098		3616835		2065
1798		41098		3616835		2065
1799		41098		3616835		2065
1800		41098		3616835		2065
1801		41098		3616835		2065
1802		41098		3616835		2065
1803		41098		3616835		2065
1804		41098		3616835		2065
1805		41098		3616835		2065
1806		41098		3616835		2065
1807		41098		3616835		2065
1808		41098		3616835		2065
1809		41098		3616835		2065
1810		41098		3616835		2065
1811		41098		3616835		2065
1812		41098		3616835		2065
1813		41098		3616835		2065
1814		41098		3616835		2065
1815		41098		3616835		2065
1816		41098		3616835		2065
1817		41098		3616835		2065
1818		41098		3616835		2065
1819		41098		3616835		2065
1820		41098		3616835		2065
1821		41098		3616835		2065
1822		41098		3616835		2065
1823		41098		3616835		2065
1824		41098		3616835		2065
1825		41098		3616835		2065
1826		41098		3616835		2065
1827		41098		3616835		2065
1828		41098		3616835		2065
1829		41098		3616835		2065
1830		41098		3616835		2065
1831		41098		3616835		2065
1832		41098		3616835		2065
1833		41098		3616835		2065
1834		41098		3616835		2065
1835		41098		3616835		2065
1836		41098		3616835		2065
1837		41098		3616835		2065
1838		41098		3616835		2065
1839		41098		3616835		2065
1840		41098		3616835		2065
1841		41098		3616835		2065
1842		41098		3616835		2065
1843		41098		3616835		2065
1844		41098		3616835		2065
1845		41098		3616835		2065
1846		41098		3616835		2065
1847		41098		3616835		2065
1848		41098		3616835		2065
1849		41098		3616835		2065
1850		41098		3616835		2065
1851		41098		3616835		2065
1852		41098		3616835		2065
1853		41098		3616835		2065
1854		41098		3616835		2065
1855		41098		3616835		2065
1856		41098		3616835		2065
1857		41098		3616835		2065
1858		41098		3616835		2065
1859		41098		3616835		2065
1860		41098		3616835		2065
1861		41098		3616835		2065
1862		41098		3616835		2065
1863		41098		3616835		2065
1864		41098		3616835		2065
1865		41098		3616835		2065
1866		41098		3616835		2065
1867		41098		3616835		2065
1868		41098		3616835		2065
1869		41098		3616835		2065
1870		41098		3616835		2065
1871		41098		3616835		2065
1872		41098		3616835		2065
1873		41098		3616835		2065
1874		41098		3616835		2065
1875		41098		3616835		2065
1876		41098		3616835		2065
1877		41098		3616835		2065
1878		41098		3616835		2065
1879		41098		3616835		2065
1880		41098		3616835		2065
1881		41098		3616835		2065
1882		41098		3616835		2065
1883		41098		3616835		2065
1884		41098		3616835		2065
1885		41098		3616835		2065
1886		41098		3616835		2065
1887		41098		3616835		2065
1888		41098		3616835		2065
1889		41098		3616835		2065
1890		41098		3616835		2065
1891		41098		3616835		2065
1892		41098		3616835		2065
1893		41098		3616835		2065
1894		41098		3616835		2065
1895		41098		3616835		2065
1896		41098		3616835		2065
1897		41098		3616835		2065
1898		41098		3616835		2065
1899		41098		3616835		2065
1900		41098		3616835		2065
1901		41098		3616835		2065
1902		41098		3616835		2065
1903		41098		3616835		2065
1904		41098		3616835		2065
1905		41098		3616835		2065
1906		41098		3616835		2065
1907		41098		3616835		2065
1908		41098		3616835		2065
1909		41098		3616835		2065
1910		41098		3616835		2065
1911		41098		3616835		2065
1912		41098		3616835		2065
1913		41098		3616835		2065
1914		41098		3616835		2065
1915		41098		3616835		2065
1916		41098		3616835		2065
1917		41098		3616835		2065
1918		41098		3616835		2065
1919		41098		3616835		2065
1920		41098		3616835		2065
1921		41098		3616835		2065
1922		41098		3616835		2065
1923		41098		3616835		2065
1924		41098		3616835		2065
1925		41098		3616835		2065
1926		41098		3616835		2065
1927		41098		3616835		2065
1928		41098		3616835		2065
1929		41098		3616835		2065
1930		41098		3616835		2065
1931		41098		3616835		2065
1932		41098		3616835		2065
1933		41098		3616835		2065
1934		41098		3616835		2065
1935		41098		3616835		2065
1936		41098		3616835		2065
1937		41098		3616835		2065
1938		41098		3616835		2065
1939		41098		3616835		2065
1940		41098		3616835		2065
1941		41098		3616835		2065
1942		41098		3616835		2065
1943		41098		3616835		2065
1944		41098		3616835		2065
1945		41098		3616835		2065
1946		41098		3616835		2065
1947		41098		3616835		2065
1948		41098		3616835		2065
1949		41098		3616835		2065
1950		41098		3616835		2065
1951		41098		3616835		2065
1952		41098		3616835		2065
1953		41098		3616835		2065
1954		41098		3616835		2065
1955		41098		3616835		2065
1956		41098		3616835		2065
1957		41098		3616835		2065
1958		41098		3616835		2065
1959		41098		3616835		2065
1960		41098		3616835		2065
1961		41098		3616835		2065
1962		41098		3616835		2065
1963		41098		3616835		2065
1964		41098		3616835		2065
1965		41098		3616835		2065
1966		41098		3616835		2065
1967		41098		3616835		2065
1968		41098		3616835		2065
1969		41098		3616835		2065
1970		41098		3616835		2065
1971		41098		3616835		2065
1972		41098		3616835		2065
1973		41098		3616835		2065
1974		41098		3616835		2065
1975		41098		3616835		2065
1976		41098		3616835		2065
1977		41098		3616835		2065
1978		41098		3616835		2065
1979		41098		3616835		2065
1980		41098		3616835		2065
1981		41098		3616835		2065
1982		41098		3616835		2065
1983		41098		3616835		2065
1984		41098		3616835		2065
1985		41098		3616835		2065
1986		41098		3616835		2065
1987		41098		3616835		2065
1988		41098		3616835		2065
1989		41098		3616835		2065
1990		41098		3616835		2065
1991		41098		3616835		2065
1992		41098		3616835		2065
1993		41098		3616835		2065
1994		41098		3616835		2065
1995		41098		3616835		2065
1996		41098		3616835		2065
1997		41098		3616835		2065
1998		41098		3616835		2065
1999		41098		3616835		2065
