# Migration is number of nodes that have changed color.

Round		Edge-Cut		Swaps		Migrations		Skipped
0		776		250		179
1		700		500		184
2		660		750		183
3		650		1000		174
4		597		1250		184
5		581		1500		190
6		571		1750		184
7		558		2000		192
8		529		2250		186
9		539		2500		191
10		529		2750		192
11		508		3000		184
12		496		3250		195
13		495		3500		182
14		487		3750		177
15		481		4000		178
16		481		4250		187
17		458		4499		186
18		457		4749		183
19		447		4999		183
20		446		5249		189
21		436		5499		188
22		440		5749		193
23		409		5999		191
24		410		6249		188
25		423		6499		190
26		427		6749		190
27		422		6998		187
28		421		7248		186
29		430		7498		183
30		423		7748		190
31		409		7998		188
32		406		8248		185
33		391		8498		186
34		384		8748		182
35		362		8998		187
36		343		9247		193
37		341		9497		192
38		317		9747		194
39		314		9997		187
40		315		10247		187
41		321		10497		187
42		302		10747		188
43		318		10997		190
44		312		11247		186
45		289		11497		189
46		283		11747		194
47		288		11996		192
48		296		12246		193
49		305		12496		191
50		300		12746		187
51		301		12996		191
52		290		13246		187
53		299		13496		187
54		290		13746		188
55		288		13996		186
56		295		14246		183
57		311		14496		193
58		282		14746		192
59		292		14996		186
60		288		15246		193
61		289		15496		190
62		288		15746		187
63		298		15996		183
64		301		16246		191
65		305		16496		185
66		317		16746		185
67		316		16996		189
68		309		17246		183
69		287		17496		185
70		284		17746		186
71		281		17996		196
72		294		18246		184
73		292		18495		185
74		293		18745		183
75		288		18995		187
76		286		19245		187
77		273		19495		186
78		265		19745		189
79		266		19995		186
80		255		20245		189
81		262		20495		188
82		260		20745		190
83		244		20995		188
84		239		21245		189
85		230		21495		187
86		233		21745		189
87		235		21995		189
88		237		22245		188
89		233		22495		188
90		239		22745		191
91		235		22995		190
92		228		23245		190
93		230		23495		189
94		229		23745		190
95		230		23995		187
96		229		24245		191
97		225		24495		190
98		233		24745		191
99		229		24994		188
100		237		25244		190
101		242		25494		188
102		238		25744		188
103		229		25994		185
104		235		26244		186
105		233		26494		186
106		227		26743		189
107		220		26993		190
108		230		27242		189
109		231		27492		191
110		224		27742		190
111		227		27992		190
112		234		28242		190
113		227		28492		189
114		237		28742		187
115		243		28992		185
116		244		29242		184
117		250		29491		188
118		246		29741		187
119		239		29991		190
120		235		30241		190
121		229		30491		189
122		237		30741		188
123		236		30991		188
124		238		31241		190
125		232		31491		191
126		236		31741		190
127		238		31991		188
128		240		32241		186
129		234		32491		185
130		237		32741		186
131		230		32991		189
132		233		33241		189
133		232		33490		189
134		222		33740		188
135		223		33989		188
136		223		34239		186
137		227		34489		190
138		228		34738		191
139		230		34988		188
140		222		35238		188
141		219		35488		189
142		222		35738		188
143		228		35988		189
144		242		36238		185
145		232		36488		188
146		227		36738		187
147		225		36987		189
148		226		37237		189
149		234		37487		186
150		235		37737		187
151		223		37987		183
152		225		38237		184
153		224		38487		187
154		215		38736		187
155		220		38986		185
156		222		39236		186
157		220		39485		187
158		217		39735		186
159		227		39985		189
160		224		40235		188
161		220		40485		184
162		225		40734		184
163		228		40983		188
164		219		41233		187
165		217		41483		189
166		215		41732		188
167		229		41982		184
168		230		42232		187
169		237		42482		188
170		227		42732		188
171		221		42982		183
172		215		43232		186
173		215		43482		186
174		217		43731		187
175		219		43980		184
176		216		44230		187
177		218		44480		186
178		218		44730		188
179		222		44980		183
180		231		45229		186
181		222		45479		187
182		223		45729		191
183		220		45979		189
184		219		46228		189
185		219		46478		189
186		218		46727		188
187		230		46977		187
188		223		47227		186
189		214		47477		186
190		219		47727		188
191		228		47976		188
192		218		48226		185
193		215		48476		186
194		217		48726		189
195		215		48975		188
196		216		49225		186
197		217		49475		187
198		217		49725		189
199		217		49975		189
200		219		50225		188
201		223		50475		185
202		231		50725		187
203		233		50975		188
204		223		51224		187
205		227		51474		189
206		232		51724		185
207		232		51973		189
208		221		52223		188
209		215		52473		188
210		219		52722		188
211		223		52972		189
212		218		53222		188
213		224		53471		185
214		224		53721		183
215		216		53969		184
216		218		54219		186
217		218		54469		186
218		219		54719		185
219		227		54969		185
220		225		55219		186
221		224		55468		183
222		217		55717		185
223		219		55966		189
224		221		56216		187
225		225		56466		186
226		220		56716		186
227		216		56965		186
228		222		57215		186
229		224		57464		190
230		219		57714		189
231		213		57964		187
232		217		58213		189
233		217		58462		189
234		215		58711		188
235		218		58961		187
236		221		59211		190
237		217		59461		187
238		222		59710		186
239		224		59960		185
240		226		60210		186
241		228		60460		185
242		229		60710		190
243		222		60960		188
244		224		61210		185
245		219		61459		189
246		220		61709		187
247		224		61959		187
248		221		62209		186
249		223		62458		187
250		217		62708		185
251		219		62958		188
252		215		63208		188
253		217		63457		189
254		215		63707		188
255		219		63957		189
256		219		64207		190
257		217		64456		187
258		221		64706		186
259		221		64956		187
260		221		65206		189
261		225		65455		189
262		231		65704		190
263		233		65953		188
264		220		66203		187
265		214		66453		187
266		218		66703		189
267		219		66953		189
268		216		67202		188
269		216		67451		188
270		220		67700		189
271		220		67950		190
272		226		68200		190
273		218		68449		187
274		218		68699		187
275		219		68949		187
276		223		69199		187
277		219		69449		190
278		227		69698		190
279		226		69948		184
280		225		70198		183
281		225		70448		186
282		216		70698		186
283		214		70948		187
284		216		71198		187
285		218		71448		188
286		222		71698		187
287		218		71946		189
288		218		72196		187
289		223		72446		189
290		220		72696		187
291		222		72945		185
292		221		73195		187
293		227		73445		188
294		225		73695		187
295		220		73945		188
296		218		74195		185
297		223		74445		185
298		226		74695		186
299		224		74945		186
300		214		75195		187
301		216		75445		188
302		220		75694		189
303		216		75944		186
304		216		76194		186
305		218		76444		187
306		216		76694		187
307		214		76944		187
308		214		77194		187
309		216		77444		186
310		220		77694		188
311		216		77944		185
312		216		78194		185
313		220		78444		183
314		221		78693		190
315		218		78942		189
316		216		79192		188
317		216		79441		186
318		220		79691		187
319		222		79940		189
320		222		80190		190
321		221		80439		188
322		223		80689		185
323		225		80939		189
324		228		81189		187
325		227		81439		189
326		229		81689		187
327		230		81939		189
328		224		82189		189
329		224		82439		188
330		227		82689		188
331		221		82938		188
332		229		83188		189
333		228		83438		187
334		223		83450		187
335		222		83458		184
336		221		83466		187
337		219		83470		186
338		214		83473		187
339		212		83476		187
340		212		83478		187
341		207		83481		185
342		207		83483		185
343		210		83486		184
344		207		83488		186
345		207		83488		186
346		205		83489		185
347		205		83489		185
348		205		83489		185
349		203		83490		185
350		203		83490		185
351		203		83490		185
352		203		83490		185
353		203		83490		185
354		203		83490		185
355		203		83490		185
356		203		83490		185
357		203		83490		185
358		203		83490		185
359		203		83490		185
360		203		83490		185
361		203		83490		185
362		203		83490		185
363		203		83490		185
364		203		83490		185
365		203		83490		185
366		203		83490		185
367		203		83490		185
368		203		83490		185
369		203		83490		185
370		203		83490		185
371		203		83490		185
372		203		83490		185
373		203		83490		185
374		203		83490		185
375		203		83490		185
376		203		83490		185
377		203		83490		185
378		203		83490		185
379		203		83490		185
380		203		83490		185
381		203		83490		185
382		203		83490		185
383		203		83490		185
384		203		83490		185
385		203		83490		185
386		203		83490		185
387		203		83490		185
388		203		83490		185
389		203		83490		185
390		203		83490		185
391		203		83490		185
392		203		83490		185
393		203		83490		185
394		203		83490		185
395		203		83490		185
396		203		83490		185
397		203		83490		185
398		203		83490		185
399		203		83490		185
400		203		83490		185
401		203		83490		185
402		203		83490		185
403		203		83490		185
404		203		83490		185
405		203		83490		185
406		203		83490		185
407		203		83490		185
408		203		83490		185
409		203		83490		185
410		203		83490		185
411		203		83490		185
412		203		83490		185
413		203		83490		185
414		203		83490		185
415		203		83490		185
416		203		83490		185
417		203		83490		185
418		203		83490		185
419		203		83490		185
420		203		83490		185
421		203		83490		185
422		203		83490		185
423		203		83490		185
424		203		83490		185
425		203		83490		185
426		203		83490		185
427		203		83490		185
428		203		83490		185
429		203		83490		185
430		203		83490		185
431		203		83490		185
432		203		83490		185
433		203		83490		185
434		203		83490		185
435		203		83490		185
436		203		83490		185
437		203		83490		185
438		203		83490		185
439		203		83490		185
440		203		83490		185
441		203		83490		185
442		203		83490		185
443		203		83490		185
444		203		83490		185
445		203		83490		185
446		203		83490		185
447		203		83490		185
448		203		83490		185
449		203		83490		185
450		203		83490		185
451		203		83490		185
452		203		83490		185
453		203		83490		185
454		203		83490		185
455		203		83490		185
456		203		83490		185
457		203		83490		185
458		203		83490		185
459		203		83490		185
460		203		83490		185
461		203		83490		185
462		203		83490		185
463		203		83490		185
464		203		83490		185
465		203		83490		185
466		203		83490		185
467		203		83490		185
468		203		83490		185
469		203		83490		185
470		203		83490		185
471		203		83490		185
472		203		83490		185
473		203		83490		185
474		203		83490		185
475		203		83490		185
476		203		83490		185
477		203		83490		185
478		203		83490		185
479		203		83490		185
480		203		83490		185
481		203		83490		185
482		203		83490		185
483		203		83490		185
484		203		83490		185
485		203		83490		185
486		203		83490		185
487		203		83490		185
488		203		83490		185
489		203		83490		185
490		203		83490		185
491		203		83490		185
492		203		83490		185
493		203		83490		185
494		203		83490		185
495		203		83490		185
496		203		83490		185
497		203		83490		185
498		203		83490		185
499		203		83490		185
500		203		83490		185
501		203		83740		185
502		217		83990		186
503		213		84240		188
504		218		84490		187
505		225		84740		186
506		221		84990		187
507		235		85240		188
508		224		85490		184
509		212		85740		187
510		222		85990		188
511		220		86240		189
512		213		86490		186
513		215		86740		186
514		229		86990		188
515		225		87240		184
516		232		87490		186
517		245		87740		188
518		232		87990		183
519		213		88240		186
520		217		88490		185
521		219		88740		185
522		214		88990		183
523		218		89240		188
524		231		89490		191
525		227		89740		190
526		232		89990		189
527		229		90240		185
528		222		90490		184
529		213		90740		183
530		226		90990		187
531		231		91240		185
532		227		91490		188
533		225		91740		185
534		227		91990		186
535		240		92240		189
536		236		92490		187
537		233		92740		188
538		242		92990		189
539		239		93240		188
540		244		93490		188
541		233		93740		191
542		234		93990		186
543		228		94240		184
544		229		94490		185
545		233		94740		185
546		214		94990		185
547		226		95239		187
548		230		95489		185
549		217		95738		183
550		213		95987		188
551		214		96236		186
552		214		96486		184
553		218		96736		185
554		216		96986		185
555		216		97236		188
556		224		97486		186
557		226		97736		186
558		212		97986		186
559		208		98236		185
560		212		98486		187
561		212		98736		183
562		204		98986		187
563		208		99236		188
564		208		99486		186
565		216		99736		190
566		210		99986		189
567		228		100236		190
568		217		100486		189
569		216		100736		192
570		216		100986		188
571		226		101236		186
572		217		101486		188
573		226		101736		179
574		219		101986		184
575		215		102236		187
576		211		102486		184
577		207		102736		185
578		211		102986		186
579		221		103236		188
580		229		103486		186
581		216		103736		188
582		220		103986		186
583		213		104236		187
584		211		104486		190
585		215		104736		189
586		207		104986		189
587		214		105236		185
588		204		105486		185
589		197		105736		189
590		197		105986		187
591		196		106236		186
592		206		106486		189
593		204		106736		191
594		208		106986		187
595		214		107236		183
596		204		107486		186
597		197		107736		188
598		203		107986		187
599		214		108236		191
600		212		108486		184
601		224		108735		186
602		236		108985		188
603		229		109235		188
604		224		109484		187
605		227		109734		185
606		233		109984		185
607		239		110234		191
608		238		110484		190
609		238		110734		184
610		234		110984		187
611		227		111234		185
612		237		111484		187
613		217		111734		188
614		228		111984		189
615		223		112233		184
616		225		112483		188
617		228		112733		189
618		220		112983		185
619		225		113233		177
620		219		113483		184
621		218		113732		187
622		217		113982		183
623		220		114232		186
624		213		114482		184
625		213		114732		183
626		218		114982		184
627		217		115231		183
628		220		115481		187
629		218		115730		182
630		215		115980		181
631		214		116229		188
632		217		116479		187
633		220		116729		188
634		226		116979		181
635		226		117229		186
636		221		117479		185
637		216		117729		186
638		222		117979		185
639		223		118229		187
640		217		118479		187
641		219		118729		183
642		222		118979		184
643		209		119229		181
644		206		119478		180
645		212		119727		183
646		204		119977		185
647		207		120227		183
648		209		120477		180
649		219		120727		184
650		208		120977		187
651		204		121227		188
652		217		121477		185
653		218		121727		185
654		209		121977		185
655		217		122227		186
656		208		122477		185
657		210		122727		186
658		213		122977		184
659		211		123227		186
660		214		123477		189
661		206		123726		187
662		198		123976		184
663		208		124225		187
664		210		124475		190
665		206		124725		184
666		205		124975		187
667		204		125225		187
668		210		125475		187
669		215		125725		183
670		212		125974		187
671		214		126224		178
672		226		126474		187
673		215		126724		185
674		212		126974		184
675		211		127224		182
676		212		127474		184
677		211		127724		185
678		218		127974		185
679		215		128224		186
680		216		128474		188
681		217		128724		186
682		209		128974		180
683		204		129224		181
684		203		129474		184
685		201		129724		181
686		202		129974		180
687		201		130224		184
688		205		130474		182
689		210		130724		186
690		201		130974		183
691		200		131224		186
692		198		131474		183
693		203		131724		183
694		198		131974		184
695		204		132223		185
696		205		132473		183
697		203		132723		184
698		200		132973		183
699		209		133222		184
700		201		133472		184
701		211		133722		188
702		213		133972		185
703		199		134221		184
704		205		134471		182
705		203		134721		185
706		202		134971		183
707		205		135221		183
708		202		135470		184
709		199		135720		185
710		202		135970		185
711		201		136220		185
712		206		136469		182
713		202		136719		187
714		196		136967		183
715		202		137217		184
716		206		137467		184
717		195		137717		184
718		203		137967		191
719		203		138217		188
720		198		138467		186
721		196		138717		187
722		203		138967		186
723		200		139217		186
724		201		139467		188
725		204		139717		190
726		194		139967		186
727		186		140217		185
728		192		140467		185
729		194		140717		182
730		192		140966		184
731		192		141216		185
732		186		141466		183
733		188		141716		185
734		192		141966		187
735		188		142216		186
736		190		142466		187
737		195		142716		188
738		199		142965		186
739		196		143215		186
740		197		143465		188
741		190		143715		186
742		194		143965		188
743		190		144215		187
744		192		144465		187
745		200		144715		188
746		190		144965		183
747		184		145213		183
748		186		145463		184
749		186		145713		184
750		186		145963		184
751		188		146213		186
752		190		146463		185
753		186		146713		184
754		186		146963		184
755		184		147212		183
756		184		147460		183
757		194		147709		188
758		198		147957		188
759		196		148207		189
760		188		148457		186
761		190		148706		186
762		192		148956		185
763		186		149205		185
764		186		149455		184
765		184		149705		183
766		186		149954		185
767		188		150204		185
768		188		150453		182
769		184		150703		183
770		192		150953		184
771		194		151203		186
772		186		151452		184
773		188		151701		182
774		186		151951		181
775		184		152201		183
776		184		152449		183
777		190		152699		185
778		188		152949		183
779		186		153199		184
780		188		153449		185
781		188		153699		185
782		188		153948		184
783		184		154198		183
784		184		154448		183
785		186		154698		184
786		184		154946		183
787		186		155196		186
788		184		155445		184
789		188		155695		184
790		186		155945		185
791		190		156194		189
792		186		156444		185
793		190		156694		188
794		188		156944		187
795		186		157193		186
796		184		157443		184
797		184		157693		184
798		190		157943		184
799		200		158193		189
800		193		158442		186
801		184		158692		183
802		186		158942		184
803		190		159192		186
804		188		159442		185
805		188		159692		185
806		190		159941		186
807		184		160191		183
808		188		160439		183
809		192		160688		186
810		190		160937		183
811		188		161187		182
812		192		161437		186
813		194		161687		185
814		190		161935		183
815		198		162185		183
816		196		162435		184
817		194		162685		184
818		190		162934		184
819		188		163184		182
820		188		163434		186
821		188		163684		184
822		190		163934		187
823		190		164184		186
824		188		164434		185
825		186		164684		183
826		184		164934		183
827		186		165184		184
828		186		165434		184
829		188		165684		186
830		188		165934		186
831		190		166183		184
832		190		166433		182
833		184		166683		183
834		184		166683		183
835		184		166683		183
836		184		166683		183
837		184		166683		183
838		184		166683		183
839		184		166683		183
840		184		166683		183
841		184		166683		183
842		184		166683		183
843		184		166683		183
844		184		166683		183
845		184		166683		183
846		184		166683		183
847		184		166683		183
848		184		166683		183
849		184		166683		183
850		184		166683		183
851		184		166683		183
852		184		166683		183
853		184		166683		183
854		184		166683		183
855		184		166683		183
856		184		166683		183
857		184		166683		183
858		184		166683		183
859		184		166683		183
860		184		166683		183
861		184		166683		183
862		184		166683		183
863		184		166683		183
864		184		166683		183
865		184		166683		183
866		184		166683		183
867		184		166683		183
868		184		166683		183
869		184		166683		183
870		184		166683		183
871		184		166683		183
872		184		166683		183
873		184		166683		183
874		184		166683		183
875		184		166683		183
876		184		166683		183
877		184		166683		183
878		184		166683		183
879		184		166683		183
880		184		166683		183
881		184		166683		183
882		184		166683		183
883		184		166683		183
884		184		166683		183
885		184		166683		183
886		184		166683		183
887		184		166683		183
888		184		166683		183
889		184		166683		183
890		184		166683		183
891		184		166683		183
892		184		166683		183
893		184		166683		183
894		184		166683		183
895		184		166683		183
896		184		166683		183
897		184		166683		183
898		184		166683		183
899		184		166683		183
900		184		166683		183
901		184		166683		183
902		184		166683		183
903		184		166683		183
904		184		166683		183
905		184		166683		183
906		184		166683		183
907		184		166683		183
908		184		166683		183
909		184		166683		183
910		184		166683		183
911		184		166683		183
912		184		166683		183
913		184		166683		183
914		184		166683		183
915		184		166683		183
916		184		166683		183
917		184		166683		183
918		184		166683		183
919		184		166683		183
920		184		166683		183
921		184		166683		183
922		184		166683		183
923		184		166683		183
924		184		166683		183
925		184		166683		183
926		184		166683		183
927		184		166683		183
928		184		166683		183
929		184		166683		183
930		184		166683		183
931		184		166683		183
932		184		166683		183
933		184		166683		183
934		184		166683		183
935		184		166683		183
936		184		166683		183
937		184		166683		183
938		184		166683		183
939		184		166683		183
940		184		166683		183
941		184		166683		183
942		184		166683		183
943		184		166683		183
944		184		166683		183
945		184		166683		183
946		184		166683		183
947		184		166683		183
948		184		166683		183
949		184		166683		183
950		184		166683		183
951		184		166683		183
952		184		166683		183
953		184		166683		183
954		184		166683		183
955		184		166683		183
956		184		166683		183
957		184		166683		183
958		184		166683		183
959		184		166683		183
960		184		166683		183
961		184		166683		183
962		184		166683		183
963		184		166683		183
964		184		166683		183
965		184		166683		183
966		184		166683		183
967		184		166683		183
968		184		166683		183
969		184		166683		183
970		184		166683		183
971		184		166683		183
972		184		166683		183
973		184		166683		183
974		184		166683		183
975		184		166683		183
976		184		166683		183
977		184		166683		183
978		184		166683		183
979		184		166683		183
980		184		166683		183
981		184		166683		183
982		184		166683		183
983		184		166683		183
984		184		166683		183
985		184		166683		183
986		184		166683		183
987		184		166683		183
988		184		166683		183
989		184		166683		183
990		184		166683		183
991		184		166683		183
992		184		166683		183
993		184		166683		183
994		184		166683		183
995		184		166683		183
996		184		166683		183
997		184		166683		183
998		184		166683		183
999		184		166683		183
