# Migration is number of nodes that have changed color.

Round		Edge-Cut		Swaps		Migrations		Skipped
0		770		235		190
1		724		459		187
2		648		662		185
3		591		852		181
4		533		1005		183
5		480		1135		190
6		423		1246		189
7		378		1327		192
8		329		1393		191
9		307		1463		188
10		262		1532		184
11		243		1559		182
12		230		1585		191
13		215		1607		186
14		202		1618		189
15		203		1626		187
16		204		1633		189
17		202		1646		189
18		199		1659		189
19		190		1671		187
20		191		1680		188
21		188		1692		185
22		181		1715		187
23		182		1734		191
24		178		1744		191
25		178		1754		189
26		170		1759		190
27		164		1763		189
28		164		1763		189
29		162		1765		188
30		162		1765		188
31		160		1766		189
32		160		1766		189
33		160		1766		189
34		160		1766		189
35		160		1766		189
36		160		1766		189
37		160		1766		189
38		160		1766		189
39		160		1766		189
40		160		1766		189
41		160		1766		189
42		160		1766		189
43		160		1766		189
44		160		1766		189
45		160		1766		189
46		160		1766		189
47		160		1766		189
48		160		1766		189
49		160		1766		189
50		160		1766		189
51		160		1766		189
52		160		1766		189
53		160		1766		189
54		160		1766		189
55		160		1766		189
56		160		1766		189
57		160		1766		189
58		160		1766		189
59		160		1766		189
60		160		1766		189
61		160		1766		189
62		160		1766		189
63		160		1766		189
64		160		1766		189
65		160		1766		189
66		160		1766		189
67		160		1766		189
68		160		1766		189
69		160		1766		189
70		160		1766		189
71		160		1766		189
72		160		1766		189
73		160		1766		189
74		160		1766		189
75		160		1766		189
76		160		1766		189
77		160		1766		189
78		160		1766		189
79		160		1766		189
80		160		1766		189
81		160		1766		189
82		160		1766		189
83		160		1766		189
84		160		1766		189
85		160		1766		189
86		160		1766		189
87		160		1766		189
88		160		1766		189
89		160		1766		189
90		160		1766		189
91		160		1766		189
92		160		1766		189
93		160		1766		189
94		160		1766		189
95		160		1766		189
96		160		1766		189
97		160		1766		189
98		160		1766		189
99		160		1766		189
100		160		1766		189
101		160		1766		189
102		160		1766		189
103		160		1766		189
104		160		1766		189
105		160		1766		189
106		160		1766		189
107		160		1766		189
108		160		1766		189
109		160		1766		189
110		160		1766		189
111		160		1766		189
112		160		1766		189
113		160		1766		189
114		160		1766		189
115		160		1766		189
116		160		1766		189
117		160		1766		189
118		160		1766		189
119		160		1766		189
120		160		1766		189
121		160		1766		189
122		160		1766		189
123		160		1766		189
124		160		1766		189
125		160		1766		189
126		160		1766		189
127		160		1766		189
128		160		1766		189
129		160		1766		189
130		160		1766		189
131		160		1766		189
132		160		1766		189
133		160		1766		189
134		160		1766		189
135		160		1766		189
136		160		1766		189
137		160		1766		189
138		160		1766		189
139		160		1766		189
140		160		1766		189
141		160		1766		189
142		160		1766		189
143		160		1766		189
144		160		1766		189
145		160		1766		189
146		160		1766		189
147		160		1766		189
148		160		1766		189
149		160		1766		189
150		160		1766		189
151		160		1766		189
152		160		1766		189
153		160		1766		189
154		160		1766		189
155		160		1766		189
156		160		1766		189
157		160		1766		189
158		160		1766		189
159		160		1766		189
160		160		1766		189
161		160		1766		189
162		160		1766		189
163		160		1766		189
164		160		1766		189
165		160		1766		189
166		160		1766		189
167		160		1766		189
168		160		1766		189
169		160		1766		189
170		160		1766		189
171		160		1766		189
172		160		1766		189
173		160		1766		189
174		160		1766		189
175		160		1766		189
176		160		1766		189
177		160		1766		189
178		160		1766		189
179		160		1766		189
180		160		1766		189
181		160		1766		189
182		160		1766		189
183		160		1766		189
184		160		1766		189
185		160		1766		189
186		160		1766		189
187		160		1766		189
188		160		1766		189
189		160		1766		189
190		160		1766		189
191		160		1766		189
192		160		1766		189
193		160		1766		189
194		160		1766		189
195		160		1766		189
196		160		1766		189
197		160		1766		189
198		160		1766		189
199		160		1766		189
200		160		1766		189
201		160		1766		189
202		160		1766		189
203		160		1766		189
204		160		1766		189
205		160		1766		189
206		160		1766		189
207		160		1766		189
208		160		1766		189
209		160		1766		189
210		160		1766		189
211		160		1766		189
212		160		1766		189
213		160		1766		189
214		160		1766		189
215		160		1766		189
216		160		1766		189
217		160		1766		189
218		160		1766		189
219		160		1766		189
220		160		1766		189
221		160		1766		189
222		160		1766		189
223		160		1766		189
224		160		1766		189
225		160		1766		189
226		160		1766		189
227		160		1766		189
228		160		1766		189
229		160		1766		189
230		160		1766		189
231		160		1766		189
232		160		1766		189
233		160		1766		189
234		160		1766		189
235		160		1766		189
236		160		1766		189
237		160		1766		189
238		160		1766		189
239		160		1766		189
240		160		1766		189
241		160		1766		189
242		160		1766		189
243		160		1766		189
244		160		1766		189
245		160		1766		189
246		160		1766		189
247		160		1766		189
248		160		1766		189
249		160		1766		189
250		160		1766		189
251		160		1766		189
252		160		1766		189
253		160		1766		189
254		160		1766		189
255		160		1766		189
256		160		1766		189
257		160		1766		189
258		160		1766		189
259		160		1766		189
260		160		1766		189
261		160		1766		189
262		160		1766		189
263		160		1766		189
264		160		1766		189
265		160		1766		189
266		160		1766		189
267		160		1766		189
268		160		1766		189
269		160		1766		189
270		160		1766		189
271		160		1766		189
272		160		1766		189
273		160		1766		189
274		160		1766		189
275		160		1766		189
276		160		1766		189
277		160		1766		189
278		160		1766		189
279		160		1766		189
280		160		1766		189
281		160		1766		189
282		160		1766		189
283		160		1766		189
284		160		1766		189
285		160		1766		189
286		160		1766		189
287		160		1766		189
288		160		1766		189
289		160		1766		189
290		160		1766		189
291		160		1766		189
292		160		1766		189
293		160		1766		189
294		160		1766		189
295		160		1766		189
296		160		1766		189
297		160		1766		189
298		160		1766		189
299		160		1766		189
300		160		1766		189
301		160		1766		189
302		160		1766		189
303		160		1766		189
304		160		1766		189
305		160		1766		189
306		160		1766		189
307		160		1766		189
308		160		1766		189
309		160		1766		189
310		160		1766		189
311		160		1766		189
312		160		1766		189
313		160		1766		189
314		160		1766		189
315		160		1766		189
316		160		1766		189
317		160		1766		189
318		160		1766		189
319		160		1766		189
320		160		1766		189
321		160		1766		189
322		160		1766		189
323		160		1766		189
324		160		1766		189
325		160		1766		189
326		160		1766		189
327		160		1766		189
328		160		1766		189
329		160		1766		189
330		160		1766		189
331		160		1766		189
332		160		1766		189
333		160		1766		189
334		160		1766		189
335		160		1766		189
336		160		1766		189
337		160		1766		189
338		160		1766		189
339		160		1766		189
340		160		1766		189
341		160		1766		189
342		160		1766		189
343		160		1766		189
344		160		1766		189
345		160		1766		189
346		160		1766		189
347		160		1766		189
348		160		1766		189
349		160		1766		189
350		160		1766		189
351		160		1766		189
352		160		1766		189
353		160		1766		189
354		160		1766		189
355		160		1766		189
356		160		1766		189
357		160		1766		189
358		160		1766		189
359		160		1766		189
360		160		1766		189
361		160		1766		189
362		160		1766		189
363		160		1766		189
364		160		1766		189
365		160		1766		189
366		160		1766		189
367		160		1766		189
368		160		1766		189
369		160		1766		189
370		160		1766		189
371		160		1766		189
372		160		1766		189
373		160		1766		189
374		160		1766		189
375		160		1766		189
376		160		1766		189
377		160		1766		189
378		160		1766		189
379		160		1766		189
380		160		1766		189
381		160		1766		189
382		160		1766		189
383		160		1766		189
384		160		1766		189
385		160		1766		189
386		160		1766		189
387		160		1766		189
388		160		1766		189
389		160		1766		189
390		160		1766		189
391		160		1766		189
392		160		1766		189
393		160		1766		189
394		160		1766		189
395		160		1766		189
396		160		1766		189
397		160		1766		189
398		160		1766		189
399		160		1766		189
400		160		1766		189
401		160		1766		189
402		160		1766		189
403		160		1766		189
404		160		1766		189
405		160		1766		189
406		160		1766		189
407		160		1766		189
408		160		1766		189
409		160		1766		189
410		160		1766		189
411		160		1766		189
412		160		1766		189
413		160		1766		189
414		160		1766		189
415		160		1766		189
416		160		1766		189
417		160		1766		189
418		160		1766		189
419		160		1766		189
420		160		1766		189
421		160		1766		189
422		160		1766		189
423		160		1766		189
424		160		1766		189
425		160		1766		189
426		160		1766		189
427		160		1766		189
428		160		1766		189
429		160		1766		189
430		160		1766		189
431		160		1766		189
432		160		1766		189
433		160		1766		189
434		160		1766		189
435		160		1766		189
436		160		1766		189
437		160		1766		189
438		160		1766		189
439		160		1766		189
440		160		1766		189
441		160		1766		189
442		160		1766		189
443		160		1766		189
444		160		1766		189
445		160		1766		189
446		160		1766		189
447		160		1766		189
448		160		1766		189
449		160		1766		189
450		160		1766		189
451		160		1766		189
452		160		1766		189
453		160		1766		189
454		160		1766		189
455		160		1766		189
456		160		1766		189
457		160		1766		189
458		160		1766		189
459		160		1766		189
460		160		1766		189
461		160		1766		189
462		160		1766		189
463		160		1766		189
464		160		1766		189
465		160		1766		189
466		160		1766		189
467		160		1766		189
468		160		1766		189
469		160		1766		189
470		160		1766		189
471		160		1766		189
472		160		1766		189
473		160		1766		189
474		160		1766		189
475		160		1766		189
476		160		1766		189
477		160		1766		189
478		160		1766		189
479		160		1766		189
480		160		1766		189
481		160		1766		189
482		160		1766		189
483		160		1766		189
484		160		1766		189
485		160		1766		189
486		160		1766		189
487		160		1766		189
488		160		1766		189
489		160		1766		189
490		160		1766		189
491		160		1766		189
492		160		1766		189
493		160		1766		189
494		160		1766		189
495		160		1766		189
496		160		1766		189
497		160		1766		189
498		160		1766		189
499		160		1766		189
500		160		1766		189
501		160		1766		189
502		160		1766		189
503		160		1766		189
504		160		1766		189
505		160		1766		189
506		160		1766		189
507		160		1766		189
508		160		1766		189
509		160		1766		189
510		160		1766		189
511		160		1766		189
512		160		1766		189
513		160		1766		189
514		160		1766		189
515		160		1766		189
516		160		1766		189
517		160		1766		189
518		160		1766		189
519		160		1766		189
520		160		1766		189
521		160		1766		189
522		160		1766		189
523		160		1766		189
524		160		1766		189
525		160		1766		189
526		160		1766		189
527		160		1766		189
528		160		1766		189
529		160		1766		189
530		160		1766		189
531		160		1766		189
532		160		1766		189
533		160		1766		189
534		160		1766		189
535		160		1766		189
536		160		1766		189
537		160		1766		189
538		160		1766		189
539		160		1766		189
540		160		1766		189
541		160		1766		189
542		160		1766		189
543		160		1766		189
544		160		1766		189
545		160		1766		189
546		160		1766		189
547		160		1766		189
548		160		1766		189
549		160		1766		189
550		160		1766		189
551		160		1766		189
552		160		1766		189
553		160		1766		189
554		160		1766		189
555		160		1766		189
556		160		1766		189
557		160		1766		189
558		160		1766		189
559		160		1766		189
560		160		1766		189
561		160		1766		189
562		160		1766		189
563		160		1766		189
564		160		1766		189
565		160		1766		189
566		160		1766		189
567		160		1766		189
568		160		1766		189
569		160		1766		189
570		160		1766		189
571		160		1766		189
572		160		1766		189
573		160		1766		189
574		160		1766		189
575		160		1766		189
576		160		1766		189
577		160		1766		189
578		160		1766		189
579		160		1766		189
580		160		1766		189
581		160		1766		189
582		160		1766		189
583		160		1766		189
584		160		1766		189
585		160		1766		189
586		160		1766		189
587		160		1766		189
588		160		1766		189
589		160		1766		189
590		160		1766		189
591		160		1766		189
592		160		1766		189
593		160		1766		189
594		160		1766		189
595		160		1766		189
596		160		1766		189
597		160		1766		189
598		160		1766		189
599		160		1766		189
600		160		1766		189
601		160		1766		189
602		160		1766		189
603		160		1766		189
604		160		1766		189
605		160		1766		189
606		160		1766		189
607		160		1766		189
608		160		1766		189
609		160		1766		189
610		160		1766		189
611		160		1766		189
612		160		1766		189
613		160		1766		189
614		160		1766		189
615		160		1766		189
616		160		1766		189
617		160		1766		189
618		160		1766		189
619		160		1766		189
620		160		1766		189
621		160		1766		189
622		160		1766		189
623		160		1766		189
624		160		1766		189
625		160		1766		189
626		160		1766		189
627		160		1766		189
628		160		1766		189
629		160		1766		189
630		160		1766		189
631		160		1766		189
632		160		1766		189
633		160		1766		189
634		160		1766		189
635		160		1766		189
636		160		1766		189
637		160		1766		189
638		160		1766		189
639		160		1766		189
640		160		1766		189
641		160		1766		189
642		160		1766		189
643		160		1766		189
644		160		1766		189
645		160		1766		189
646		160		1766		189
647		160		1766		189
648		160		1766		189
649		160		1766		189
650		160		1766		189
651		160		1766		189
652		160		1766		189
653		160		1766		189
654		160		1766		189
655		160		1766		189
656		160		1766		189
657		160		1766		189
658		160		1766		189
659		160		1766		189
660		160		1766		189
661		160		1766		189
662		160		1766		189
663		160		1766		189
664		160		1766		189
665		160		1766		189
666		160		1766		189
667		160		1766		189
668		160		1766		189
669		160		1766		189
670		160		1766		189
671		160		1766		189
672		160		1766		189
673		160		1766		189
674		160		1766		189
675		160		1766		189
676		160		1766		189
677		160		1766		189
678		160		1766		189
679		160		1766		189
680		160		1766		189
681		160		1766		189
682		160		1766		189
683		160		1766		189
684		160		1766		189
685		160		1766		189
686		160		1766		189
687		160		1766		189
688		160		1766		189
689		160		1766		189
690		160		1766		189
691		160		1766		189
692		160		1766		189
693		160		1766		189
694		160		1766		189
695		160		1766		189
696		160		1766		189
697		160		1766		189
698		160		1766		189
699		160		1766		189
700		160		1766		189
701		160		1766		189
702		160		1766		189
703		160		1766		189
704		160		1766		189
705		160		1766		189
706		160		1766		189
707		160		1766		189
708		160		1766		189
709		160		1766		189
710		160		1766		189
711		160		1766		189
712		160		1766		189
713		160		1766		189
714		160		1766		189
715		160		1766		189
716		160		1766		189
717		160		1766		189
718		160		1766		189
719		160		1766		189
720		160		1766		189
721		160		1766		189
722		160		1766		189
723		160		1766		189
724		160		1766		189
725		160		1766		189
726		160		1766		189
727		160		1766		189
728		160		1766		189
729		160		1766		189
730		160		1766		189
731		160		1766		189
732		160		1766		189
733		160		1766		189
734		160		1766		189
735		160		1766		189
736		160		1766		189
737		160		1766		189
738		160		1766		189
739		160		1766		189
740		160		1766		189
741		160		1766		189
742		160		1766		189
743		160		1766		189
744		160		1766		189
745		160		1766		189
746		160		1766		189
747		160		1766		189
748		160		1766		189
749		160		1766		189
750		160		1766		189
751		160		1766		189
752		160		1766		189
753		160		1766		189
754		160		1766		189
755		160		1766		189
756		160		1766		189
757		160		1766		189
758		160		1766		189
759		160		1766		189
760		160		1766		189
761		160		1766		189
762		160		1766		189
763		160		1766		189
764		160		1766		189
765		160		1766		189
766		160		1766		189
767		160		1766		189
768		160		1766		189
769		160		1766		189
770		160		1766		189
771		160		1766		189
772		160		1766		189
773		160		1766		189
774		160		1766		189
775		160		1766		189
776		160		1766		189
777		160		1766		189
778		160		1766		189
779		160		1766		189
780		160		1766		189
781		160		1766		189
782		160		1766		189
783		160		1766		189
784		160		1766		189
785		160		1766		189
786		160		1766		189
787		160		1766		189
788		160		1766		189
789		160		1766		189
790		160		1766		189
791		160		1766		189
792		160		1766		189
793		160		1766		189
794		160		1766		189
795		160		1766		189
796		160		1766		189
797		160		1766		189
798		160		1766		189
799		160		1766		189
800		160		1766		189
801		160		1766		189
802		160		1766		189
803		160		1766		189
804		160		1766		189
805		160		1766		189
806		160		1766		189
807		160		1766		189
808		160		1766		189
809		160		1766		189
810		160		1766		189
811		160		1766		189
812		160		1766		189
813		160		1766		189
814		160		1766		189
815		160		1766		189
816		160		1766		189
817		160		1766		189
818		160		1766		189
819		160		1766		189
820		160		1766		189
821		160		1766		189
822		160		1766		189
823		160		1766		189
824		160		1766		189
825		160		1766		189
826		160		1766		189
827		160		1766		189
828		160		1766		189
829		160		1766		189
830		160		1766		189
831		160		1766		189
832		160		1766		189
833		160		1766		189
834		160		1766		189
835		160		1766		189
836		160		1766		189
837		160		1766		189
838		160		1766		189
839		160		1766		189
840		160		1766		189
841		160		1766		189
842		160		1766		189
843		160		1766		189
844		160		1766		189
845		160		1766		189
846		160		1766		189
847		160		1766		189
848		160		1766		189
849		160		1766		189
850		160		1766		189
851		160		1766		189
852		160		1766		189
853		160		1766		189
854		160		1766		189
855		160		1766		189
856		160		1766		189
857		160		1766		189
858		160		1766		189
859		160		1766		189
860		160		1766		189
861		160		1766		189
862		160		1766		189
863		160		1766		189
864		160		1766		189
865		160		1766		189
866		160		1766		189
867		160		1766		189
868		160		1766		189
869		160		1766		189
870		160		1766		189
871		160		1766		189
872		160		1766		189
873		160		1766		189
874		160		1766		189
875		160		1766		189
876		160		1766		189
877		160		1766		189
878		160		1766		189
879		160		1766		189
880		160		1766		189
881		160		1766		189
882		160		1766		189
883		160		1766		189
884		160		1766		189
885		160		1766		189
886		160		1766		189
887		160		1766		189
888		160		1766		189
889		160		1766		189
890		160		1766		189
891		160		1766		189
892		160		1766		189
893		160		1766		189
894		160		1766		189
895		160		1766		189
896		160		1766		189
897		160		1766		189
898		160		1766		189
899		160		1766		189
900		160		1766		189
901		160		1766		189
902		160		1766		189
903		160		1766		189
904		160		1766		189
905		160		1766		189
906		160		1766		189
907		160		1766		189
908		160		1766		189
909		160		1766		189
910		160		1766		189
911		160		1766		189
912		160		1766		189
913		160		1766		189
914		160		1766		189
915		160		1766		189
916		160		1766		189
917		160		1766		189
918		160		1766		189
919		160		1766		189
920		160		1766		189
921		160		1766		189
922		160		1766		189
923		160		1766		189
924		160		1766		189
925		160		1766		189
926		160		1766		189
927		160		1766		189
928		160		1766		189
929		160		1766		189
930		160		1766		189
931		160		1766		189
932		160		1766		189
933		160		1766		189
934		160		1766		189
935		160		1766		189
936		160		1766		189
937		160		1766		189
938		160		1766		189
939		160		1766		189
940		160		1766		189
941		160		1766		189
942		160		1766		189
943		160		1766		189
944		160		1766		189
945		160		1766		189
946		160		1766		189
947		160		1766		189
948		160		1766		189
949		160		1766		189
950		160		1766		189
951		160		1766		189
952		160		1766		189
953		160		1766		189
954		160		1766		189
955		160		1766		189
956		160		1766		189
957		160		1766		189
958		160		1766		189
959		160		1766		189
960		160		1766		189
961		160		1766		189
962		160		1766		189
963		160		1766		189
964		160		1766		189
965		160		1766		189
966		160		1766		189
967		160		1766		189
968		160		1766		189
969		160		1766		189
970		160		1766		189
971		160		1766		189
972		160		1766		189
973		160		1766		189
974		160		1766		189
975		160		1766		189
976		160		1766		189
977		160		1766		189
978		160		1766		189
979		160		1766		189
980		160		1766		189
981		160		1766		189
982		160		1766		189
983		160		1766		189
984		160		1766		189
985		160		1766		189
986		160		1766		189
987		160		1766		189
988		160		1766		189
989		160		1766		189
990		160		1766		189
991		160		1766		189
992		160		1766		189
993		160		1766		189
994		160		1766		189
995		160		1766		189
996		160		1766		189
997		160		1766		189
998		160		1766		189
999		160		1766		189
