# Migration is number of nodes that have changed color.

Round		Edge-Cut		Swaps		Migrations		Skipped
0		769		236		188
1		690		455		189
2		610		636		181
3		544		790		177
4		503		905		193
5		454		1004		177
6		411		1070		182
7		351		1134		186
8		331		1180		189
9		307		1213		182
10		294		1239		180
11		283		1263		186
12		269		1278		184
13		267		1292		189
14		265		1306		184
15		257		1320		186
16		255		1334		180
17		251		1356		185
18		236		1384		187
19		226		1392		184
20		228		1402		185
21		220		1409		186
22		214		1421		187
23		217		1429		184
24		220		1440		190
25		221		1449		190
26		220		1462		191
27		212		1472		192
28		213		1484		188
29		201		1500		189
30		197		1508		187
31		188		1512		190
32		177		1518		189
33		174		1519		189
34		174		1519		189
35		174		1519		189
36		174		1519		189
37		174		1519		189
38		174		1519		189
39		174		1519		189
40		174		1519		189
41		174		1519		189
42		174		1519		189
43		174		1519		189
44		174		1519		189
45		174		1519		189
46		174		1519		189
47		174		1519		189
48		174		1519		189
49		174		1519		189
50		174		1519		189
51		174		1519		189
52		174		1519		189
53		174		1519		189
54		174		1519		189
55		174		1519		189
56		174		1519		189
57		174		1519		189
58		174		1519		189
59		174		1519		189
60		174		1519		189
61		174		1519		189
62		174		1519		189
63		174		1519		189
64		174		1519		189
65		174		1519		189
66		174		1519		189
67		174		1519		189
68		174		1519		189
69		174		1519		189
70		174		1519		189
71		174		1519		189
72		174		1519		189
73		174		1519		189
74		174		1519		189
75		174		1519		189
76		174		1519		189
77		174		1519		189
78		174		1519		189
79		174		1519		189
80		174		1519		189
81		174		1519		189
82		174		1519		189
83		174		1519		189
84		174		1519		189
85		174		1519		189
86		174		1519		189
87		174		1519		189
88		174		1519		189
89		174		1519		189
90		174		1519		189
91		174		1519		189
92		174		1519		189
93		174		1519		189
94		174		1519		189
95		174		1519		189
96		174		1519		189
97		174		1519		189
98		174		1519		189
99		174		1519		189
100		174		1519		189
101		174		1519		189
102		174		1519		189
103		174		1519		189
104		174		1519		189
105		174		1519		189
106		174		1519		189
107		174		1519		189
108		174		1519		189
109		174		1519		189
110		174		1519		189
111		174		1519		189
112		174		1519		189
113		174		1519		189
114		174		1519		189
115		174		1519		189
116		174		1519		189
117		174		1519		189
118		174		1519		189
119		174		1519		189
120		174		1519		189
121		174		1519		189
122		174		1519		189
123		174		1519		189
124		174		1519		189
125		174		1519		189
126		174		1519		189
127		174		1519		189
128		174		1519		189
129		174		1519		189
130		174		1519		189
131		174		1519		189
132		174		1519		189
133		174		1519		189
134		174		1519		189
135		174		1519		189
136		174		1519		189
137		174		1519		189
138		174		1519		189
139		174		1519		189
140		174		1519		189
141		174		1519		189
142		174		1519		189
143		174		1519		189
144		174		1519		189
145		174		1519		189
146		174		1519		189
147		174		1519		189
148		174		1519		189
149		174		1519		189
150		174		1519		189
151		174		1519		189
152		174		1519		189
153		174		1519		189
154		174		1519		189
155		174		1519		189
156		174		1519		189
157		174		1519		189
158		174		1519		189
159		174		1519		189
160		174		1519		189
161		174		1519		189
162		174		1519		189
163		174		1519		189
164		174		1519		189
165		174		1519		189
166		174		1519		189
167		174		1519		189
168		174		1519		189
169		174		1519		189
170		174		1519		189
171		174		1519		189
172		174		1519		189
173		174		1519		189
174		174		1519		189
175		174		1519		189
176		174		1519		189
177		174		1519		189
178		174		1519		189
179		174		1519		189
180		174		1519		189
181		174		1519		189
182		174		1519		189
183		174		1519		189
184		174		1519		189
185		174		1519		189
186		174		1519		189
187		174		1519		189
188		174		1519		189
189		174		1519		189
190		174		1519		189
191		174		1519		189
192		174		1519		189
193		174		1519		189
194		174		1519		189
195		174		1519		189
196		174		1519		189
197		174		1519		189
198		174		1519		189
199		174		1519		189
200		174		1519		189
201		174		1519		189
202		174		1519		189
203		174		1519		189
204		174		1519		189
205		174		1519		189
206		174		1519		189
207		174		1519		189
208		174		1519		189
209		174		1519		189
210		174		1519		189
211		174		1519		189
212		174		1519		189
213		174		1519		189
214		174		1519		189
215		174		1519		189
216		174		1519		189
217		174		1519		189
218		174		1519		189
219		174		1519		189
220		174		1519		189
221		174		1519		189
222		174		1519		189
223		174		1519		189
224		174		1519		189
225		174		1519		189
226		174		1519		189
227		174		1519		189
228		174		1519		189
229		174		1519		189
230		174		1519		189
231		174		1519		189
232		174		1519		189
233		174		1519		189
234		174		1519		189
235		174		1519		189
236		174		1519		189
237		174		1519		189
238		174		1519		189
239		174		1519		189
240		174		1519		189
241		174		1519		189
242		174		1519		189
243		174		1519		189
244		174		1519		189
245		174		1519		189
246		174		1519		189
247		174		1519		189
248		174		1519		189
249		174		1519		189
250		174		1519		189
251		174		1519		189
252		174		1519		189
253		174		1519		189
254		174		1519		189
255		174		1519		189
256		174		1519		189
257		174		1519		189
258		174		1519		189
259		174		1519		189
260		174		1519		189
261		174		1519		189
262		174		1519		189
263		174		1519		189
264		174		1519		189
265		174		1519		189
266		174		1519		189
267		174		1519		189
268		174		1519		189
269		174		1519		189
270		174		1519		189
271		174		1519		189
272		174		1519		189
273		174		1519		189
274		174		1519		189
275		174		1519		189
276		174		1519		189
277		174		1519		189
278		174		1519		189
279		174		1519		189
280		174		1519		189
281		174		1519		189
282		174		1519		189
283		174		1519		189
284		174		1519		189
285		174		1519		189
286		174		1519		189
287		174		1519		189
288		174		1519		189
289		174		1519		189
290		174		1519		189
291		174		1519		189
292		174		1519		189
293		174		1519		189
294		174		1519		189
295		174		1519		189
296		174		1519		189
297		174		1519		189
298		174		1519		189
299		174		1519		189
300		174		1519		189
301		174		1519		189
302		174		1519		189
303		174		1519		189
304		174		1519		189
305		174		1519		189
306		174		1519		189
307		174		1519		189
308		174		1519		189
309		174		1519		189
310		174		1519		189
311		174		1519		189
312		174		1519		189
313		174		1519		189
314		174		1519		189
315		174		1519		189
316		174		1519		189
317		174		1519		189
318		174		1519		189
319		174		1519		189
320		174		1519		189
321		174		1519		189
322		174		1519		189
323		174		1519		189
324		174		1519		189
325		174		1519		189
326		174		1519		189
327		174		1519		189
328		174		1519		189
329		174		1519		189
330		174		1519		189
331		174		1519		189
332		174		1519		189
333		174		1519		189
334		174		1519		189
335		174		1519		189
336		174		1519		189
337		174		1519		189
338		174		1519		189
339		174		1519		189
340		174		1519		189
341		174		1519		189
342		174		1519		189
343		174		1519		189
344		174		1519		189
345		174		1519		189
346		174		1519		189
347		174		1519		189
348		174		1519		189
349		174		1519		189
350		174		1519		189
351		174		1519		189
352		174		1519		189
353		174		1519		189
354		174		1519		189
355		174		1519		189
356		174		1519		189
357		174		1519		189
358		174		1519		189
359		174		1519		189
360		174		1519		189
361		174		1519		189
362		174		1519		189
363		174		1519		189
364		174		1519		189
365		174		1519		189
366		174		1519		189
367		174		1519		189
368		174		1519		189
369		174		1519		189
370		174		1519		189
371		174		1519		189
372		174		1519		189
373		174		1519		189
374		174		1519		189
375		174		1519		189
376		174		1519		189
377		174		1519		189
378		174		1519		189
379		174		1519		189
380		174		1519		189
381		174		1519		189
382		174		1519		189
383		174		1519		189
384		174		1519		189
385		174		1519		189
386		174		1519		189
387		174		1519		189
388		174		1519		189
389		174		1519		189
390		174		1519		189
391		174		1519		189
392		174		1519		189
393		174		1519		189
394		174		1519		189
395		174		1519		189
396		174		1519		189
397		174		1519		189
398		174		1519		189
399		174		1519		189
400		174		1519		189
401		174		1519		189
402		174		1519		189
403		174		1519		189
404		174		1519		189
405		174		1519		189
406		174		1519		189
407		174		1519		189
408		174		1519		189
409		174		1519		189
410		174		1519		189
411		174		1519		189
412		174		1519		189
413		174		1519		189
414		174		1519		189
415		174		1519		189
416		174		1519		189
417		174		1519		189
418		174		1519		189
419		174		1519		189
420		174		1519		189
421		174		1519		189
422		174		1519		189
423		174		1519		189
424		174		1519		189
425		174		1519		189
426		174		1519		189
427		174		1519		189
428		174		1519		189
429		174		1519		189
430		174		1519		189
431		174		1519		189
432		174		1519		189
433		174		1519		189
434		174		1519		189
435		174		1519		189
436		174		1519		189
437		174		1519		189
438		174		1519		189
439		174		1519		189
440		174		1519		189
441		174		1519		189
442		174		1519		189
443		174		1519		189
444		174		1519		189
445		174		1519		189
446		174		1519		189
447		174		1519		189
448		174		1519		189
449		174		1519		189
450		174		1519		189
451		174		1519		189
452		174		1519		189
453		174		1519		189
454		174		1519		189
455		174		1519		189
456		174		1519		189
457		174		1519		189
458		174		1519		189
459		174		1519		189
460		174		1519		189
461		174		1519		189
462		174		1519		189
463		174		1519		189
464		174		1519		189
465		174		1519		189
466		174		1519		189
467		174		1519		189
468		174		1519		189
469		174		1519		189
470		174		1519		189
471		174		1519		189
472		174		1519		189
473		174		1519		189
474		174		1519		189
475		174		1519		189
476		174		1519		189
477		174		1519		189
478		174		1519		189
479		174		1519		189
480		174		1519		189
481		174		1519		189
482		174		1519		189
483		174		1519		189
484		174		1519		189
485		174		1519		189
486		174		1519		189
487		174		1519		189
488		174		1519		189
489		174		1519		189
490		174		1519		189
491		174		1519		189
492		174		1519		189
493		174		1519		189
494		174		1519		189
495		174		1519		189
496		174		1519		189
497		174		1519		189
498		174		1519		189
499		174		1519		189
500		174		1519		189
501		174		1519		189
502		174		1519		189
503		174		1519		189
504		174		1519		189
505		174		1519		189
506		174		1519		189
507		174		1519		189
508		174		1519		189
509		174		1519		189
510		174		1519		189
511		174		1519		189
512		174		1519		189
513		174		1519		189
514		174		1519		189
515		174		1519		189
516		174		1519		189
517		174		1519		189
518		174		1519		189
519		174		1519		189
520		174		1519		189
521		174		1519		189
522		174		1519		189
523		174		1519		189
524		174		1519		189
525		174		1519		189
526		174		1519		189
527		174		1519		189
528		174		1519		189
529		174		1519		189
530		174		1519		189
531		174		1519		189
532		174		1519		189
533		174		1519		189
534		174		1519		189
535		174		1519		189
536		174		1519		189
537		174		1519		189
538		174		1519		189
539		174		1519		189
540		174		1519		189
541		174		1519		189
542		174		1519		189
543		174		1519		189
544		174		1519		189
545		174		1519		189
546		174		1519		189
547		174		1519		189
548		174		1519		189
549		174		1519		189
550		174		1519		189
551		174		1519		189
552		174		1519		189
553		174		1519		189
554		174		1519		189
555		174		1519		189
556		174		1519		189
557		174		1519		189
558		174		1519		189
559		174		1519		189
560		174		1519		189
561		174		1519		189
562		174		1519		189
563		174		1519		189
564		174		1519		189
565		174		1519		189
566		174		1519		189
567		174		1519		189
568		174		1519		189
569		174		1519		189
570		174		1519		189
571		174		1519		189
572		174		1519		189
573		174		1519		189
574		174		1519		189
575		174		1519		189
576		174		1519		189
577		174		1519		189
578		174		1519		189
579		174		1519		189
580		174		1519		189
581		174		1519		189
582		174		1519		189
583		174		1519		189
584		174		1519		189
585		174		1519		189
586		174		1519		189
587		174		1519		189
588		174		1519		189
589		174		1519		189
590		174		1519		189
591		174		1519		189
592		174		1519		189
593		174		1519		189
594		174		1519		189
595		174		1519		189
596		174		1519		189
597		174		1519		189
598		174		1519		189
599		174		1519		189
600		174		1519		189
601		174		1519		189
602		174		1519		189
603		174		1519		189
604		174		1519		189
605		174		1519		189
606		174		1519		189
607		174		1519		189
608		174		1519		189
609		174		1519		189
610		174		1519		189
611		174		1519		189
612		174		1519		189
613		174		1519		189
614		174		1519		189
615		174		1519		189
616		174		1519		189
617		174		1519		189
618		174		1519		189
619		174		1519		189
620		174		1519		189
621		174		1519		189
622		174		1519		189
623		174		1519		189
624		174		1519		189
625		174		1519		189
626		174		1519		189
627		174		1519		189
628		174		1519		189
629		174		1519		189
630		174		1519		189
631		174		1519		189
632		174		1519		189
633		174		1519		189
634		174		1519		189
635		174		1519		189
636		174		1519		189
637		174		1519		189
638		174		1519		189
639		174		1519		189
640		174		1519		189
641		174		1519		189
642		174		1519		189
643		174		1519		189
644		174		1519		189
645		174		1519		189
646		174		1519		189
647		174		1519		189
648		174		1519		189
649		174		1519		189
650		174		1519		189
651		174		1519		189
652		174		1519		189
653		174		1519		189
654		174		1519		189
655		174		1519		189
656		174		1519		189
657		174		1519		189
658		174		1519		189
659		174		1519		189
660		174		1519		189
661		174		1519		189
662		174		1519		189
663		174		1519		189
664		174		1519		189
665		174		1519		189
666		174		1519		189
667		174		1519		189
668		174		1519		189
669		174		1519		189
670		174		1519		189
671		174		1519		189
672		174		1519		189
673		174		1519		189
674		174		1519		189
675		174		1519		189
676		174		1519		189
677		174		1519		189
678		174		1519		189
679		174		1519		189
680		174		1519		189
681		174		1519		189
682		174		1519		189
683		174		1519		189
684		174		1519		189
685		174		1519		189
686		174		1519		189
687		174		1519		189
688		174		1519		189
689		174		1519		189
690		174		1519		189
691		174		1519		189
692		174		1519		189
693		174		1519		189
694		174		1519		189
695		174		1519		189
696		174		1519		189
697		174		1519		189
698		174		1519		189
699		174		1519		189
700		174		1519		189
701		174		1519		189
702		174		1519		189
703		174		1519		189
704		174		1519		189
705		174		1519		189
706		174		1519		189
707		174		1519		189
708		174		1519		189
709		174		1519		189
710		174		1519		189
711		174		1519		189
712		174		1519		189
713		174		1519		189
714		174		1519		189
715		174		1519		189
716		174		1519		189
717		174		1519		189
718		174		1519		189
719		174		1519		189
720		174		1519		189
721		174		1519		189
722		174		1519		189
723		174		1519		189
724		174		1519		189
725		174		1519		189
726		174		1519		189
727		174		1519		189
728		174		1519		189
729		174		1519		189
730		174		1519		189
731		174		1519		189
732		174		1519		189
733		174		1519		189
734		174		1519		189
735		174		1519		189
736		174		1519		189
737		174		1519		189
738		174		1519		189
739		174		1519		189
740		174		1519		189
741		174		1519		189
742		174		1519		189
743		174		1519		189
744		174		1519		189
745		174		1519		189
746		174		1519		189
747		174		1519		189
748		174		1519		189
749		174		1519		189
750		174		1519		189
751		174		1519		189
752		174		1519		189
753		174		1519		189
754		174		1519		189
755		174		1519		189
756		174		1519		189
757		174		1519		189
758		174		1519		189
759		174		1519		189
760		174		1519		189
761		174		1519		189
762		174		1519		189
763		174		1519		189
764		174		1519		189
765		174		1519		189
766		174		1519		189
767		174		1519		189
768		174		1519		189
769		174		1519		189
770		174		1519		189
771		174		1519		189
772		174		1519		189
773		174		1519		189
774		174		1519		189
775		174		1519		189
776		174		1519		189
777		174		1519		189
778		174		1519		189
779		174		1519		189
780		174		1519		189
781		174		1519		189
782		174		1519		189
783		174		1519		189
784		174		1519		189
785		174		1519		189
786		174		1519		189
787		174		1519		189
788		174		1519		189
789		174		1519		189
790		174		1519		189
791		174		1519		189
792		174		1519		189
793		174		1519		189
794		174		1519		189
795		174		1519		189
796		174		1519		189
797		174		1519		189
798		174		1519		189
799		174		1519		189
800		174		1519		189
801		174		1519		189
802		174		1519		189
803		174		1519		189
804		174		1519		189
805		174		1519		189
806		174		1519		189
807		174		1519		189
808		174		1519		189
809		174		1519		189
810		174		1519		189
811		174		1519		189
812		174		1519		189
813		174		1519		189
814		174		1519		189
815		174		1519		189
816		174		1519		189
817		174		1519		189
818		174		1519		189
819		174		1519		189
820		174		1519		189
821		174		1519		189
822		174		1519		189
823		174		1519		189
824		174		1519		189
825		174		1519		189
826		174		1519		189
827		174		1519		189
828		174		1519		189
829		174		1519		189
830		174		1519		189
831		174		1519		189
832		174		1519		189
833		174		1519		189
834		174		1519		189
835		174		1519		189
836		174		1519		189
837		174		1519		189
838		174		1519		189
839		174		1519		189
840		174		1519		189
841		174		1519		189
842		174		1519		189
843		174		1519		189
844		174		1519		189
845		174		1519		189
846		174		1519		189
847		174		1519		189
848		174		1519		189
849		174		1519		189
850		174		1519		189
851		174		1519		189
852		174		1519		189
853		174		1519		189
854		174		1519		189
855		174		1519		189
856		174		1519		189
857		174		1519		189
858		174		1519		189
859		174		1519		189
860		174		1519		189
861		174		1519		189
862		174		1519		189
863		174		1519		189
864		174		1519		189
865		174		1519		189
866		174		1519		189
867		174		1519		189
868		174		1519		189
869		174		1519		189
870		174		1519		189
871		174		1519		189
872		174		1519		189
873		174		1519		189
874		174		1519		189
875		174		1519		189
876		174		1519		189
877		174		1519		189
878		174		1519		189
879		174		1519		189
880		174		1519		189
881		174		1519		189
882		174		1519		189
883		174		1519		189
884		174		1519		189
885		174		1519		189
886		174		1519		189
887		174		1519		189
888		174		1519		189
889		174		1519		189
890		174		1519		189
891		174		1519		189
892		174		1519		189
893		174		1519		189
894		174		1519		189
895		174		1519		189
896		174		1519		189
897		174		1519		189
898		174		1519		189
899		174		1519		189
900		174		1519		189
901		174		1519		189
902		174		1519		189
903		174		1519		189
904		174		1519		189
905		174		1519		189
906		174		1519		189
907		174		1519		189
908		174		1519		189
909		174		1519		189
910		174		1519		189
911		174		1519		189
912		174		1519		189
913		174		1519		189
914		174		1519		189
915		174		1519		189
916		174		1519		189
917		174		1519		189
918		174		1519		189
919		174		1519		189
920		174		1519		189
921		174		1519		189
922		174		1519		189
923		174		1519		189
924		174		1519		189
925		174		1519		189
926		174		1519		189
927		174		1519		189
928		174		1519		189
929		174		1519		189
930		174		1519		189
931		174		1519		189
932		174		1519		189
933		174		1519		189
934		174		1519		189
935		174		1519		189
936		174		1519		189
937		174		1519		189
938		174		1519		189
939		174		1519		189
940		174		1519		189
941		174		1519		189
942		174		1519		189
943		174		1519		189
944		174		1519		189
945		174		1519		189
946		174		1519		189
947		174		1519		189
948		174		1519		189
949		174		1519		189
950		174		1519		189
951		174		1519		189
952		174		1519		189
953		174		1519		189
954		174		1519		189
955		174		1519		189
956		174		1519		189
957		174		1519		189
958		174		1519		189
959		174		1519		189
960		174		1519		189
961		174		1519		189
962		174		1519		189
963		174		1519		189
964		174		1519		189
965		174		1519		189
966		174		1519		189
967		174		1519		189
968		174		1519		189
969		174		1519		189
970		174		1519		189
971		174		1519		189
972		174		1519		189
973		174		1519		189
974		174		1519		189
975		174		1519		189
976		174		1519		189
977		174		1519		189
978		174		1519		189
979		174		1519		189
980		174		1519		189
981		174		1519		189
982		174		1519		189
983		174		1519		189
984		174		1519		189
985		174		1519		189
986		174		1519		189
987		174		1519		189
988		174		1519		189
989		174		1519		189
990		174		1519		189
991		174		1519		189
992		174		1519		189
993		174		1519		189
994		174		1519		189
995		174		1519		189
996		174		1519		189
997		174		1519		189
998		174		1519		189
999		174		1519		189
