# Migration is number of nodes that have changed color.

Round		Edge-Cut		Swaps		Migrations		Skipped
0		786		250		173
1		705		500		175
2		657		749		191
3		639		999		177
4		596		1249		182
5		544		1498		190
6		568		1748		188
7		553		1998		184
8		539		2248		184
9		534		2498		182
10		529		2748		187
11		514		2998		185
12		490		3248		187
13		472		3498		188
14		470		3748		189
15		458		3998		185
16		459		4248		187
17		452		4498		187
18		449		4748		189
19		438		4998		185
20		427		5247		186
21		433		5497		181
22		434		5747		185
23		411		5997		188
24		412		6247		189
25		405		6497		183
26		404		6746		190
27		381		6996		184
28		382		7246		189
29		385		7496		192
30		400		7744		189
31		385		7994		189
32		371		8244		188
33		380		8494		185
34		367		8744		190
35		362		8994		187
36		354		9244		180
37		367		9494		188
38		377		9744		180
39		371		9994		187
40		358		10244		190
41		376		10494		190
42		376		10744		189
43		369		10994		191
44		363		11244		182
45		350		11494		185
46		333		11744		187
47		337		11994		185
48		343		12244		192
49		340		12494		184
50		330		12744		187
51		336		12994		183
52		319		13244		186
53		305		13493		186
54		304		13743		187
55		297		13993		182
56		320		14243		190
57		316		14492		182
58		323		14741		185
59		300		14991		194
60		314		15241		187
61		309		15491		190
62		304		15740		187
63		290		15990		189
64		308		16240		185
65		331		16490		183
66		345		16740		185
67		321		16989		192
68		338		17238		186
69		339		17487		192
70		329		17737		191
71		330		17986		194
72		332		18236		187
73		327		18486		187
74		313		18736		185
75		306		18986		187
76		306		19236		183
77		329		19486		189
78		303		19736		189
79		307		19986		192
80		308		20235		189
81		302		20485		190
82		311		20735		192
83		312		20985		190
84		304		21235		193
85		296		21485		189
86		300		21734		193
87		292		21984		192
88		280		22234		192
89		282		22484		192
90		280		22734		190
91		270		22984		191
92		274		23234		190
93		268		23484		191
94		277		23734		193
95		291		23984		190
96		289		24234		186
97		285		24484		195
98		286		24734		189
99		282		24984		187
100		276		25234		186
101		285		25484		188
102		277		25734		187
103		275		25982		187
104		263		26232		190
105		273		26482		191
106		261		26732		192
107		268		26982		193
108		263		27232		190
109		258		27482		190
110		259		27731		189
111		259		27981		195
112		258		28231		192
113		257		28480		195
114		258		28730		189
115		249		28979		194
116		264		29229		190
117		265		29479		188
118		248		29729		191
119		237		29979		195
120		240		30227		195
121		250		30476		190
122		245		30726		188
123		238		30974		195
124		240		31223		194
125		250		31473		191
126		248		31723		190
127		249		31973		193
128		253		32223		189
129		251		32473		191
130		244		32723		193
131		234		32972		191
132		229		33222		195
133		228		33472		194
134		230		33722		195
135		229		33972		193
136		230		34221		196
137		230		34471		190
138		230		34720		192
139		231		34970		193
140		233		35220		191
141		236		35470		187
142		233		35720		188
143		241		35970		186
144		240		36220		187
145		230		36470		192
146		238		36720		188
147		239		36970		190
148		233		37220		187
149		229		37470		188
150		233		37720		190
151		238		37970		192
152		232		38219		188
153		238		38469		185
154		241		38719		188
155		233		38969		188
156		231		39219		189
157		233		39469		191
158		242		39719		188
159		237		39969		192
160		230		40219		187
161		233		40469		187
162		227		40719		189
163		224		40967		192
164		226		41217		191
165		226		41467		189
166		223		41717		192
167		222		41967		187
168		223		42216		188
169		226		42466		189
170		228		42716		188
171		221		42966		191
172		224		43216		189
173		215		43466		193
174		224		43716		190
175		224		43966		191
176		223		44215		192
177		217		44465		190
178		216		44715		190
179		219		44965		192
180		220		45215		191
181		217		45465		194
182		222		45715		192
183		219		45965		190
184		226		46215		184
185		215		46464		189
186		219		46713		190
187		220		46963		189
188		217		47211		190
189		216		47461		189
190		213		47711		189
191		217		47959		190
192		214		48209		186
193		210		48459		188
194		210		48709		187
195		210		48959		187
196		212		49209		187
197		213		49459		186
198		217		49708		191
199		212		49957		194
200		211		50207		194
201		210		50456		192
202		214		50706		191
203		217		50956		192
204		214		51206		191
205		209		51456		189
206		208		51705		189
207		219		51955		191
208		219		52205		191
209		223		52455		188
210		214		52705		191
211		217		52955		191
212		225		53205		194
213		228		53454		194
214		229		53703		194
215		227		53952		190
216		219		54202		190
217		223		54451		191
218		230		54700		185
219		228		54950		186
220		232		55199		188
221		231		55449		185
222		226		55698		186
223		222		55948		186
224		220		56198		191
225		220		56448		191
226		220		56698		189
227		220		56948		193
228		226		57198		189
229		220		57448		191
230		228		57698		189
231		223		57947		191
232		220		58195		192
233		218		58445		194
234		211		58695		190
235		216		58945		190
236		213		59195		189
237		217		59445		187
238		220		59694		189
239		217		59944		186
240		213		60194		186
241		211		60444		187
242		211		60693		189
243		215		60943		189
244		211		61193		190
245		213		61443		188
246		217		61693		188
247		217		61943		188
248		215		62193		191
249		219		62443		189
250		215		62693		191
251		216		62943		187
252		216		63193		187
253		212		63443		189
254		215		63693		191
255		215		63943		186
256		213		64192		187
257		211		64440		188
258		216		64689		187
259		219		64939		186
260		217		65188		190
261		216		65438		191
262		218		65688		189
263		217		65938		188
264		211		66188		188
265		213		66438		187
266		215		66688		188
267		216		66938		190
268		220		67188		190
269		221		67438		189
270		219		67688		188
271		219		67938		186
272		215		68188		185
273		211		68437		187
274		215		68687		184
275		218		68937		187
276		214		69187		189
277		217		69437		185
278		213		69686		185
279		213		69936		190
280		209		70186		188
281		213		70436		190
282		213		70686		188
283		217		70935		187
284		214		71185		187
285		218		71435		185
286		214		71684		184
287		220		71934		185
288		221		72184		186
289		222		72433		190
290		219		72682		189
291		215		72932		188
292		214		73181		190
293		218		73431		192
294		216		73681		186
295		211		73931		189
296		216		74180		189
297		215		74430		187
298		213		74680		190
299		209		74930		190
300		206		75180		188
301		210		75430		185
302		210		75680		185
303		212		75930		186
304		213		76179		187
305		218		76429		187
306		221		76677		186
307		218		76926		191
308		215		77176		190
309		216		77426		188
310		216		77675		187
311		216		77925		191
312		220		78174		188
313		221		78424		186
314		223		78674		187
315		224		78924		186
316		222		79174		191
317		220		79423		191
318		217		79673		190
319		218		79922		188
320		215		80172		187
321		215		80422		189
322		212		80672		183
323		210		80922		187
324		210		81172		187
325		212		81422		185
326		214		81671		186
327		212		81921		188
328		212		82171		191
329		210		82421		187
330		210		82671		187
331		208		82921		186
332		208		83171		186
333		210		83421		187
334		206		83422		186
335		207		83423		187
336		206		83424		186
337		205		83425		187
338		205		83425		187
339		205		83425		187
340		205		83425		187
341		205		83425		187
342		205		83425		187
343		205		83425		187
344		205		83425		187
345		205		83425		187
346		205		83425		187
347		205		83425		187
348		205		83425		187
349		205		83425		187
350		205		83425		187
351		205		83425		187
352		205		83425		187
353		205		83425		187
354		205		83425		187
355		205		83425		187
356		205		83425		187
357		205		83425		187
358		205		83425		187
359		205		83425		187
360		205		83425		187
361		205		83425		187
362		205		83425		187
363		205		83425		187
364		205		83425		187
365		205		83425		187
366		205		83425		187
367		205		83425		187
368		205		83425		187
369		205		83425		187
370		205		83425		187
371		205		83425		187
372		205		83425		187
373		205		83425		187
374		205		83425		187
375		205		83425		187
376		205		83425		187
377		205		83425		187
378		205		83425		187
379		205		83425		187
380		205		83425		187
381		205		83425		187
382		205		83425		187
383		205		83425		187
384		205		83425		187
385		205		83425		187
386		205		83425		187
387		205		83425		187
388		205		83425		187
389		205		83425		187
390		205		83425		187
391		205		83425		187
392		205		83425		187
393		205		83425		187
394		205		83425		187
395		205		83425		187
396		205		83425		187
397		205		83425		187
398		205		83425		187
399		205		83425		187
400		205		83425		187
401		205		83425		187
402		205		83425		187
403		205		83425		187
404		205		83425		187
405		205		83425		187
406		205		83425		187
407		205		83425		187
408		205		83425		187
409		205		83425		187
410		205		83425		187
411		205		83425		187
412		205		83425		187
413		205		83425		187
414		205		83425		187
415		205		83425		187
416		205		83425		187
417		205		83425		187
418		205		83425		187
419		205		83425		187
420		205		83425		187
421		205		83425		187
422		205		83425		187
423		205		83425		187
424		205		83425		187
425		205		83425		187
426		205		83425		187
427		205		83425		187
428		205		83425		187
429		205		83425		187
430		205		83425		187
431		205		83425		187
432		205		83425		187
433		205		83425		187
434		205		83425		187
435		205		83425		187
436		205		83425		187
437		205		83425		187
438		205		83425		187
439		205		83425		187
440		205		83425		187
441		205		83425		187
442		205		83425		187
443		205		83425		187
444		205		83425		187
445		205		83425		187
446		205		83425		187
447		205		83425		187
448		205		83425		187
449		205		83425		187
450		205		83425		187
451		205		83425		187
452		205		83425		187
453		205		83425		187
454		205		83425		187
455		205		83425		187
456		205		83425		187
457		205		83425		187
458		205		83425		187
459		205		83425		187
460		205		83425		187
461		205		83425		187
462		205		83425		187
463		205		83425		187
464		205		83425		187
465		205		83425		187
466		205		83425		187
467		205		83425		187
468		205		83425		187
469		205		83425		187
470		205		83425		187
471		205		83425		187
472		205		83425		187
473		205		83425		187
474		205		83425		187
475		205		83425		187
476		205		83425		187
477		205		83425		187
478		205		83425		187
479		205		83425		187
480		205		83425		187
481		205		83425		187
482		205		83425		187
483		205		83425		187
484		205		83425		187
485		205		83425		187
486		205		83425		187
487		205		83425		187
488		205		83425		187
489		205		83425		187
490		205		83425		187
491		205		83425		187
492		205		83425		187
493		205		83425		187
494		205		83425		187
495		205		83425		187
496		205		83425		187
497		205		83425		187
498		205		83425		187
499		205		83425		187
500		205		83425		187
501		205		83425		187
502		205		83425		187
503		205		83425		187
504		205		83425		187
505		205		83425		187
506		205		83425		187
507		205		83425		187
508		205		83425		187
509		205		83425		187
510		205		83425		187
511		205		83425		187
512		205		83425		187
513		205		83425		187
514		205		83425		187
515		205		83425		187
516		205		83425		187
517		205		83425		187
518		205		83425		187
519		205		83425		187
520		205		83425		187
521		205		83425		187
522		205		83425		187
523		205		83425		187
524		205		83425		187
525		205		83425		187
526		205		83425		187
527		205		83425		187
528		205		83425		187
529		205		83425		187
530		205		83425		187
531		205		83425		187
532		205		83425		187
533		205		83425		187
534		205		83425		187
535		205		83425		187
536		205		83425		187
537		205		83425		187
538		205		83425		187
539		205		83425		187
540		205		83425		187
541		205		83425		187
542		205		83425		187
543		205		83425		187
544		205		83425		187
545		205		83425		187
546		205		83425		187
547		205		83425		187
548		205		83425		187
549		205		83425		187
550		205		83425		187
551		205		83425		187
552		205		83425		187
553		205		83425		187
554		205		83425		187
555		205		83425		187
556		205		83425		187
557		205		83425		187
558		205		83425		187
559		205		83425		187
560		205		83425		187
561		205		83425		187
562		205		83425		187
563		205		83425		187
564		205		83425		187
565		205		83425		187
566		205		83425		187
567		205		83425		187
568		205		83425		187
569		205		83425		187
570		205		83425		187
571		205		83425		187
572		205		83425		187
573		205		83425		187
574		205		83425		187
575		205		83425		187
576		205		83425		187
577		205		83425		187
578		205		83425		187
579		205		83425		187
580		205		83425		187
581		205		83425		187
582		205		83425		187
583		205		83425		187
584		205		83425		187
585		205		83425		187
586		205		83425		187
587		205		83425		187
588		205		83425		187
589		205		83425		187
590		205		83425		187
591		205		83425		187
592		205		83425		187
593		205		83425		187
594		205		83425		187
595		205		83425		187
596		205		83425		187
597		205		83425		187
598		205		83425		187
599		205		83425		187
600		205		83425		187
601		205		83425		187
602		205		83425		187
603		205		83425		187
604		205		83425		187
605		205		83425		187
606		205		83425		187
607		205		83425		187
608		205		83425		187
609		205		83425		187
610		205		83425		187
611		205		83425		187
612		205		83425		187
613		205		83425		187
614		205		83425		187
615		205		83425		187
616		205		83425		187
617		205		83425		187
618		205		83425		187
619		205		83425		187
620		205		83425		187
621		205		83425		187
622		205		83425		187
623		205		83425		187
624		205		83425		187
625		205		83425		187
626		205		83425		187
627		205		83425		187
628		205		83425		187
629		205		83425		187
630		205		83425		187
631		205		83425		187
632		205		83425		187
633		205		83425		187
634		205		83425		187
635		205		83425		187
636		205		83425		187
637		205		83425		187
638		205		83425		187
639		205		83425		187
640		205		83425		187
641		205		83425		187
642		205		83425		187
643		205		83425		187
644		205		83425		187
645		205		83425		187
646		205		83425		187
647		205		83425		187
648		205		83425		187
649		205		83425		187
650		205		83425		187
651		205		83425		187
652		205		83425		187
653		205		83425		187
654		205		83425		187
655		205		83425		187
656		205		83425		187
657		205		83425		187
658		205		83425		187
659		205		83425		187
660		205		83425		187
661		205		83425		187
662		205		83425		187
663		205		83425		187
664		205		83425		187
665		205		83425		187
666		205		83425		187
667		205		83425		187
668		205		83425		187
669		205		83425		187
670		205		83425		187
671		205		83425		187
672		205		83425		187
673		205		83425		187
674		205		83425		187
675		205		83425		187
676		205		83425		187
677		205		83425		187
678		205		83425		187
679		205		83425		187
680		205		83425		187
681		205		83425		187
682		205		83425		187
683		205		83425		187
684		205		83425		187
685		205		83425		187
686		205		83425		187
687		205		83425		187
688		205		83425		187
689		205		83425		187
690		205		83425		187
691		205		83425		187
692		205		83425		187
693		205		83425		187
694		205		83425		187
695		205		83425		187
696		205		83425		187
697		205		83425		187
698		205		83425		187
699		205		83425		187
700		205		83425		187
701		205		83425		187
702		205		83425		187
703		205		83425		187
704		205		83425		187
705		205		83425		187
706		205		83425		187
707		205		83425		187
708		205		83425		187
709		205		83425		187
710		205		83425		187
711		205		83425		187
712		205		83425		187
713		205		83425		187
714		205		83425		187
715		205		83425		187
716		205		83425		187
717		205		83425		187
718		205		83425		187
719		205		83425		187
720		205		83425		187
721		205		83425		187
722		205		83425		187
723		205		83425		187
724		205		83425		187
725		205		83425		187
726		205		83425		187
727		205		83425		187
728		205		83425		187
729		205		83425		187
730		205		83425		187
731		205		83425		187
732		205		83425		187
733		205		83425		187
734		205		83425		187
735		205		83425		187
736		205		83425		187
737		205		83425		187
738		205		83425		187
739		205		83425		187
740		205		83425		187
741		205		83425		187
742		205		83425		187
743		205		83425		187
744		205		83425		187
745		205		83425		187
746		205		83425		187
747		205		83425		187
748		205		83425		187
749		205		83425		187
750		205		83425		187
751		205		83425		187
752		205		83425		187
753		205		83425		187
754		205		83425		187
755		205		83425		187
756		205		83425		187
757		205		83425		187
758		205		83425		187
759		205		83425		187
760		205		83425		187
761		205		83425		187
762		205		83425		187
763		205		83425		187
764		205		83425		187
765		205		83425		187
766		205		83425		187
767		205		83425		187
768		205		83425		187
769		205		83425		187
770		205		83425		187
771		205		83425		187
772		205		83425		187
773		205		83425		187
774		205		83425		187
775		205		83425		187
776		205		83425		187
777		205		83425		187
778		205		83425		187
779		205		83425		187
780		205		83425		187
781		205		83425		187
782		205		83425		187
783		205		83425		187
784		205		83425		187
785		205		83425		187
786		205		83425		187
787		205		83425		187
788		205		83425		187
789		205		83425		187
790		205		83425		187
791		205		83425		187
792		205		83425		187
793		205		83425		187
794		205		83425		187
795		205		83425		187
796		205		83425		187
797		205		83425		187
798		205		83425		187
799		205		83425		187
800		205		83425		187
801		205		83425		187
802		205		83425		187
803		205		83425		187
804		205		83425		187
805		205		83425		187
806		205		83425		187
807		205		83425		187
808		205		83425		187
809		205		83425		187
810		205		83425		187
811		205		83425		187
812		205		83425		187
813		205		83425		187
814		205		83425		187
815		205		83425		187
816		205		83425		187
817		205		83425		187
818		205		83425		187
819		205		83425		187
820		205		83425		187
821		205		83425		187
822		205		83425		187
823		205		83425		187
824		205		83425		187
825		205		83425		187
826		205		83425		187
827		205		83425		187
828		205		83425		187
829		205		83425		187
830		205		83425		187
831		205		83425		187
832		205		83425		187
833		205		83425		187
834		205		83425		187
835		205		83425		187
836		205		83425		187
837		205		83425		187
838		205		83425		187
839		205		83425		187
840		205		83425		187
841		205		83425		187
842		205		83425		187
843		205		83425		187
844		205		83425		187
845		205		83425		187
846		205		83425		187
847		205		83425		187
848		205		83425		187
849		205		83425		187
850		205		83425		187
851		205		83425		187
852		205		83425		187
853		205		83425		187
854		205		83425		187
855		205		83425		187
856		205		83425		187
857		205		83425		187
858		205		83425		187
859		205		83425		187
860		205		83425		187
861		205		83425		187
862		205		83425		187
863		205		83425		187
864		205		83425		187
865		205		83425		187
866		205		83425		187
867		205		83425		187
868		205		83425		187
869		205		83425		187
870		205		83425		187
871		205		83425		187
872		205		83425		187
873		205		83425		187
874		205		83425		187
875		205		83425		187
876		205		83425		187
877		205		83425		187
878		205		83425		187
879		205		83425		187
880		205		83425		187
881		205		83425		187
882		205		83425		187
883		205		83425		187
884		205		83425		187
885		205		83425		187
886		205		83425		187
887		205		83425		187
888		205		83425		187
889		205		83425		187
890		205		83425		187
891		205		83425		187
892		205		83425		187
893		205		83425		187
894		205		83425		187
895		205		83425		187
896		205		83425		187
897		205		83425		187
898		205		83425		187
899		205		83425		187
900		205		83425		187
901		205		83425		187
902		205		83425		187
903		205		83425		187
904		205		83425		187
905		205		83425		187
906		205		83425		187
907		205		83425		187
908		205		83425		187
909		205		83425		187
910		205		83425		187
911		205		83425		187
912		205		83425		187
913		205		83425		187
914		205		83425		187
915		205		83425		187
916		205		83425		187
917		205		83425		187
918		205		83425		187
919		205		83425		187
920		205		83425		187
921		205		83425		187
922		205		83425		187
923		205		83425		187
924		205		83425		187
925		205		83425		187
926		205		83425		187
927		205		83425		187
928		205		83425		187
929		205		83425		187
930		205		83425		187
931		205		83425		187
932		205		83425		187
933		205		83425		187
934		205		83425		187
935		205		83425		187
936		205		83425		187
937		205		83425		187
938		205		83425		187
939		205		83425		187
940		205		83425		187
941		205		83425		187
942		205		83425		187
943		205		83425		187
944		205		83425		187
945		205		83425		187
946		205		83425		187
947		205		83425		187
948		205		83425		187
949		205		83425		187
950		205		83425		187
951		205		83425		187
952		205		83425		187
953		205		83425		187
954		205		83425		187
955		205		83425		187
956		205		83425		187
957		205		83425		187
958		205		83425		187
959		205		83425		187
960		205		83425		187
961		205		83425		187
962		205		83425		187
963		205		83425		187
964		205		83425		187
965		205		83425		187
966		205		83425		187
967		205		83425		187
968		205		83425		187
969		205		83425		187
970		205		83425		187
971		205		83425		187
972		205		83425		187
973		205		83425		187
974		205		83425		187
975		205		83425		187
976		205		83425		187
977		205		83425		187
978		205		83425		187
979		205		83425		187
980		205		83425		187
981		205		83425		187
982		205		83425		187
983		205		83425		187
984		205		83425		187
985		205		83425		187
986		205		83425		187
987		205		83425		187
988		205		83425		187
989		205		83425		187
990		205		83425		187
991		205		83425		187
992		205		83425		187
993		205		83425		187
994		205		83425		187
995		205		83425		187
996		205		83425		187
997		205		83425		187
998		205		83425		187
999		205		83425		187
